Mass,Radius,Pressure,Type
0.01784267472681158,2.579999999999989,1.5,1
0.0196474187797583,2.669999999999987,1.6,1
0.02150145043274707,2.7499999999999853,1.7000000000000002,1
0.02340244811361145,2.8299999999999836,1.8000000000000003,1
0.02534827706524784,2.899999999999982,1.9000000000000004,1
0.027336964835040816,2.9799999999999804,2.0000000000000004,1
0.02936668125999538,3.049999999999979,2.1000000000000005,1
0.03143572133574314,3.1199999999999775,2.2000000000000006,1
0.03354249181239536,3.179999999999976,2.3000000000000007,1
0.03568549892496301,3.2499999999999747,2.400000000000001,1
0.037863338365937,3.3099999999999734,2.500000000000001,1
0.04007468659297698,3.379999999999972,2.600000000000001,1
0.04231829329359427,3.4399999999999706,2.700000000000001,1
0.04459297485033315,3.4999999999999694,2.800000000000001,1
0.046897608588208614,3.559999999999968,2.9000000000000012,1
0.04923112775280033,3.619999999999967,3.0000000000000013,1
0.051592517019950775,3.6699999999999657,3.1000000000000014,1
0.05398080854923767,3.7299999999999645,3.2000000000000015,1
0.05639507846806652,3.7799999999999634,3.3000000000000016,1
0.058834443683078747,3.839999999999962,3.4000000000000017,1
0.06129805904288453,3.889999999999961,3.5000000000000018,1
0.06378511478256645,3.93999999999996,3.600000000000002,1
0.06629483419828706,3.989999999999959,3.700000000000002,1
0.06882647153905727,4.039999999999958,3.800000000000002,1
0.07137931009867855,4.089999999999957,3.900000000000002,1
0.07395266046194397,4.139999999999956,4.000000000000002,1
0.07654585891947942,4.179999999999955,4.100000000000002,1
0.07915826598042934,4.229999999999954,4.200000000000003,1
0.08178926504890577,4.279999999999953,4.3000000000000025,1
0.08443826114715251,4.319999999999952,4.400000000000002,1
0.08710467981889684,4.369999999999951,4.500000000000003,1
0.08978796602509378,4.40999999999995,4.600000000000003,1
0.092487583181071,4.4499999999999496,4.700000000000003,1
0.09520301223741182,4.4999999999999485,4.8000000000000025,1
0.09793375084271042,4.539999999999948,4.900000000000003,1
0.10067931254122364,4.579999999999947,5.0,1
0.12885320547702767,4.9699999999999385,6.0,1
0.1580690657104713,5.309999999999931,7.0,1
0.1880202373674144,5.619999999999925,8.0,1
0.21846846012748675,5.909999999999918,9.0,1
0.2492252407145567,6.169999999999913,10.0,1
0.280139566114161,6.399999999999908,11.0,1
0.31108937513303625,6.629999999999903,12.0,1
0.34197542575864504,6.829999999999899,13.0,1
0.37271672959223645,7.019999999999895,14.0,1
0.40324708452947483,7.209999999999891,15.0,1
0.4335123847301344,7.369999999999887,16.0,1
0.46346850012148716,7.529999999999884,17.0,1
0.4930795824469015,7.679999999999881,18.0,1
0.5223166965318958,7.8299999999998775,19.0,1
0.5511567034509036,7.959999999999875,20.0,1
0.5795813419397804,8.089999999999872,21.0,1
0.6075764670499544,8.20999999999987,22.0,1
0.635131415465763,8.329999999999867,23.0,1
0.6622384733575596,8.439999999999864,24.0,1
0.6888924281979506,8.539999999999862,25.0,1
0.7150901896023608,8.63999999999986,26.0,1
0.7408304674449157,8.739999999999858,27.0,1
0.7661134977008919,8.829999999999856,28.0,1
0.7909408083202304,8.909999999999854,29.0,1
0.8153150186675261,8.999999999999853,30.0,1
0.8392396675533049,9.07999999999985,31.0,1
0.8627190652662001,9.14999999999985,32.0,1
0.8857581662750834,9.229999999999848,33.0,1
0.90836245943931,9.299999999999846,34.0,1
0.9305378733069045,9.369999999999845,35.0,1
0.9522906942957796,9.429999999999843,36.0,1
0.9736274960304969,9.489999999999842,37.0,1
0.9945550782584524,9.54999999999984,38.0,1
1.01508041407493,9.60999999999984,39.0,1
1.0352106043437332,9.669999999999838,40.0,1
1.0549528383066666,9.719999999999837,41.0,1
1.0743143596997795,9.769999999999836,42.0,1
1.093302437479236,9.819999999999835,43.0,1
1.1119243406944845,9.869999999999834,44.0,1
1.1301873169525234,9.919999999999833,45.0,1
1.1480985739628176,9.959999999999832,46.0,1
1.165665263827774,10.009999999999831,47.0,1
1.1828944696783363,10.04999999999983,48.0,1
1.1997931944725273,10.08999999999983,49.0,1
1.2163683514741668,10.129999999999828,50.0,1
1.2326267564438986,10.169999999999828,51.0,1
1.2485751211380327,10.199999999999827,52.0,1
1.264220048054643,10.239999999999826,53.0,1
1.2795680262208522,10.269999999999825,54.0,1
1.294625427915864,10.309999999999825,55.0,1
1.309398506188107,10.339999999999824,56.0,1
1.3238933930841816,10.369999999999823,57.0,1
1.3381160984753133,10.399999999999823,58.0,1
1.3520725094232817,10.429999999999822,59.0,1
1.365768395707891,10.459999999999821,60.0,1
1.3792093873175042,10.479999999999821,61.0,1
1.3924010089589767,10.50999999999982,62.0,1
1.4053486583787052,10.52999999999982,63.0,1
1.4180576130765343,10.55999999999982,64.0,1
1.4305330316087401,10.579999999999819,65.0,1
1.4427799551452434,10.609999999999818,66.0,1
1.4548033090454107,10.629999999999818,67.0,1
1.466607904682536,10.649999999999817,68.0,1
1.4781984413356584,10.669999999999817,69.0,1
1.489579508135389,10.689999999999817,70.0,1
1.5007555861033441,10.709999999999816,71.0,1
1.5117310502472177,10.729999999999816,72.0,1
1.5225101716620704,10.749999999999815,73.0,1
1.5330971197305834,10.769999999999815,74.0,1
1.5434959642315005,10.789999999999814,75.0,1
1.553710677548239,10.799999999999814,76.0,1
1.5637451368536401,10.819999999999814,77.0,1
1.573603126254189,10.839999999999813,78.0,1
1.5832883389534973,10.849999999999813,79.0,1
1.5928043793958853,10.869999999999813,80.0,1
1.6021547653850525,10.879999999999812,81.0,1
1.6113429301601387,10.899999999999812,82.0,1
1.62037222447537,10.909999999999812,83.0,1
1.6292459186208725,10.919999999999812,84.0,1
1.637967204432458,10.939999999999811,85.0,1
1.6465391972276442,10.949999999999811,86.0,1
1.6549649377720415,10.95999999999981,87.0,1
1.6632473941348946,10.96999999999981,88.0,1
1.671389463540742,10.98999999999981,89.0,1
1.6793939742151218,10.99999999999981,90.0,1
1.6872636871179183,11.00999999999981,91.0,1
1.6950012976830988,11.01999999999981,92.0,1
1.702609437536851,11.02999999999981,93.0,1
1.7100906761138184,11.039999999999809,94.0,1
1.7174475222967096,11.049999999999809,95.0,1
1.7246824259628892,11.059999999999809,96.0,1
1.7317977795688928,11.069999999999808,97.0,1
1.7387959195786749,11.079999999999808,98.0,1
1.7456791279809099,11.089999999999808,99.0,1
1.7524496336635738,11.089999999999808,100.0,1
1.7591096138461653,11.099999999999808,101.0,1
1.7656611953705106,11.109999999999808,102.0,1
1.7721064560660478,11.119999999999807,103.0,1
1.7784474259880376,11.119999999999807,104.0,1
1.7846860886834395,11.129999999999807,105.0,1
1.7908243823808432,11.139999999999807,106.0,1
1.7968642011844536,11.149999999999807,107.0,1
1.8028073962168225,11.149999999999807,108.0,1
1.8086557767176912,11.159999999999807,109.0,1
1.814411111143568,11.159999999999807,110.0,1
1.8200751282061085,11.169999999999806,111.0,1
1.825649517916546,11.179999999999806,112.0,1
1.831135932546359,11.179999999999806,113.0,1
1.8365359876441305,11.189999999999806,114.0,1
1.841851262937826,11.189999999999806,115.0,1
1.8470833032564216,11.199999999999806,116.0,1
1.8522336194461164,11.199999999999806,117.0,1
1.8573036891992636,11.209999999999805,118.0,1
1.8622949579248038,11.209999999999805,119.0,1
1.86720883954365,11.219999999999805,120.0,1
1.8720467173060384,11.219999999999805,121.0,1
1.8768099445426623,11.219999999999805,122.0,1
1.8814998454333935,11.229999999999805,123.0,1
1.886117715726063,11.229999999999805,124.0,1
1.8906648234667638,11.229999999999805,125.0,1
1.8951424096666671,11.239999999999805,126.0,1
1.8995516889679278,11.239999999999805,127.0,1
1.903893850344712,11.239999999999805,128.0,1
1.9081700576888712,11.249999999999805,129.0,1
1.9123814504343537,11.249999999999805,130.0,1
1.9165291441921182,11.249999999999805,131.0,1
1.920614231294043,11.259999999999804,132.0,1
1.9246377813817392,11.259999999999804,133.0,1
1.9286008419533176,11.259999999999804,134.0,1
1.9325044389065953,11.259999999999804,135.0,1
1.9363495770507495,11.269999999999804,136.0,1
1.9401372406273316,11.269999999999804,137.0,1
1.9438683937959453,11.269999999999804,138.0,1
1.9475439811195203,11.269999999999804,139.0,1
1.9511649280300052,11.269999999999804,140.0,1
1.954732141290985,11.279999999999804,141.0,1
1.9582465094212564,11.279999999999804,142.0,1
1.9617089031513002,11.279999999999804,143.0,1
1.9651201758370105,11.279999999999804,144.0,1
1.9684811638539177,11.279999999999804,145.0,1
1.9717926870030824,11.279999999999804,146.0,1
1.9750555489050865,11.289999999999804,147.0,1
1.978270537367968,11.289999999999804,148.0,1
1.98143842475622,11.289999999999804,149.0,1
1.9845599683462425,11.289999999999804,150.0,1
1.987635910687644,11.289999999999804,151.0,1
1.9906669799121903,11.289999999999804,152.0,1
1.9936538900892349,11.289999999999804,153.0,1
1.9965973415527543,11.289999999999804,154.0,1
1.9994980211791997,11.289999999999804,155.0,1
2.002356602727368,11.289999999999804,156.0,1
2.00517374711476,11.289999999999804,157.0,1
2.0079501027145112,11.289999999999804,158.0,1
2.010686305634164,11.299999999999804,159.0,1
2.0133829799944034,11.299999999999804,160.0,1
2.016040738185597,11.299999999999804,161.0,1
2.018660181146968,11.299999999999804,162.0,1
2.021241898591629,11.299999999999804,163.0,1
2.0237864692908634,11.299999999999804,164.0,1
2.026294461281698,11.299999999999804,165.0,1
2.0287664321234886,11.299999999999804,166.0,1
2.0312029291152482,11.299999999999804,167.0,1
2.0336044895219376,11.299999999999804,168.0,1
2.0359716408016673,11.299999999999804,169.0,1
2.038304900791488,11.299999999999804,170.0,1
2.040604777958623,11.299999999999804,171.0,1
2.0428717715520808,11.299999999999804,172.0,1
2.0451063718441476,11.299999999999804,173.0,1
2.0473090602769703,11.299999999999804,174.0,1
2.0494803097079077,11.289999999999804,175.0,1
2.0516205845240885,11.289999999999804,176.0,1
2.053730340889411,11.289999999999804,177.0,1
2.055810026854766,11.289999999999804,178.0,1
2.0578600825829287,11.289999999999804,179.0,1
2.059880940477642,11.289999999999804,180.0,1
2.0618730253472006,11.289999999999804,181.0,1
2.0638367545935377,11.289999999999804,182.0,1
2.065772538332536,11.289999999999804,183.0,1
2.0676807795455954,11.289999999999804,184.0,1
2.069561874261694,11.289999999999804,185.0,1
2.0714162116527413,11.289999999999804,186.0,1
2.0732441742133156,11.289999999999804,187.0,1
2.0750461378608662,11.289999999999804,188.0,1
2.076822472108868,11.279999999999804,189.0,1
2.0785735401655767,11.279999999999804,190.0,1
2.0802996990715705,11.279999999999804,191.0,1
2.082001299827843,11.279999999999804,192.0,1
2.0836786875102598,11.279999999999804,193.0,1
2.0853322013982196,11.279999999999804,194.0,1
2.0869621750658647,11.279999999999804,195.0,1
2.0885689365337616,11.279999999999804,196.0,1
2.0901528083460463,11.279999999999804,197.0,1
2.091714107694733,11.269999999999804,198.0,1
2.093253146518887,11.269999999999804,199.0,1
2.0947702316041967,11.269999999999804,200.0,1
2.0962656646995708,11.269999999999804,201.0,1
2.097739742600788,11.269999999999804,202.0,1
2.099192757249553,11.269999999999804,203.0,1
2.1006249958225327,11.269999999999804,204.0,1
2.102036740844208,11.269999999999804,205.0,1
2.10342827025388,11.259999999999804,206.0,1
2.1047998575019964,11.259999999999804,207.0,1
2.106151771626311,11.259999999999804,208.0,1
2.1074842773680857,11.259999999999804,209.0,1
2.1087976352175666,11.259999999999804,210.0,1
2.1100921014983305,11.259999999999804,211.0,1
2.1113679284777547,11.259999999999804,212.0,1
2.1126253644083675,11.249999999999805,213.0,1
2.113864653618883,11.249999999999805,214.0,1
2.11508603658621,11.249999999999805,215.0,1
2.1162897500078484,11.249999999999805,216.0,1
2.117476026864734,11.249999999999805,217.0,1
2.118645096511427,11.249999999999805,218.0,1
2.1197971847078727,11.239999999999805,219.0,1
2.120932513719032,11.239999999999805,220.0,1
2.1220513023700613,11.239999999999805,221.0,1
2.12315376609972,11.239999999999805,222.0,1
2.1242401170190126,11.239999999999805,223.0,1
2.1253105639997685,11.229999999999805,224.0,1
2.1263653127015694,11.229999999999805,225.0,1
2.127404565648696,11.229999999999805,226.0,1
2.1284285222838872,11.229999999999805,227.0,1
2.1294373790055467,11.229999999999805,228.0,1
2.130431329261474,11.229999999999805,229.0,1
2.131410563564049,11.219999999999805,230.0,1
2.132375269560959,11.219999999999805,231.0,1
2.133325632078473,11.219999999999805,232.0,1
2.1342618331774412,11.219999999999805,233.0,1
2.1351840522083942,11.219999999999805,234.0,1
2.136092465834684,11.209999999999805,235.0,1
2.1369872481134835,11.209999999999805,236.0,1
2.1378685705151024,11.209999999999805,237.0,1
2.1387366019786485,11.209999999999805,238.0,1
2.1395915089520283,11.209999999999805,239.0,1
2.1404334554506392,11.199999999999806,240.0,1
2.141262603069969,11.199999999999806,241.0,1
2.142079111053929,11.199999999999806,242.0,1
2.142883136332417,11.199999999999806,243.0,1
2.1436748335442646,11.199999999999806,244.0,1
2.1444543550947723,11.189999999999806,245.0,1
2.1452218511806853,11.189999999999806,246.0,1
2.1459774698385514,11.189999999999806,247.0,1
2.1467213569766193,11.189999999999806,248.0,1
2.1474536564033437,11.189999999999806,249.0,1
2.1481745098832836,11.179999999999806,250.0,1
2.1488840571475376,11.179999999999806,251.0,1
2.149582435946806,11.179999999999806,252.0,1
2.1502697820758674,11.179999999999806,253.0,1
2.1509462293976225,11.179999999999806,254.0,1
2.1516119099047324,11.169999999999806,255.0,1
2.1522669537136525,11.169999999999806,256.0,1
2.152911489126365,11.169999999999806,257.0,1
2.1535456426327735,11.169999999999806,258.0,1
2.154169538972852,11.159999999999807,259.0,1
2.1547833011395676,11.159999999999807,260.0,1
2.1553870504095047,11.159999999999807,261.0,1
2.1559809063853392,11.159999999999807,262.0,1
2.156564987021014,11.159999999999807,263.0,1
2.157139408631742,11.149999999999807,264.0,1
2.1577042859330953,11.149999999999807,265.0,1
2.1582597320754577,11.149999999999807,266.0,1
2.158805858650231,11.149999999999807,267.0,1
2.1593427757306345,11.139999999999807,268.0,1
2.159870591879071,11.139999999999807,269.0,1
2.1603894141954587,11.139999999999807,270.0,1
2.160899348323244,11.139999999999807,271.0,1
2.1614004984673407,11.139999999999807,272.0,1
2.161892967441222,11.129999999999807,273.0,1
2.162376856665516,11.129999999999807,274.0,1
2.1628522661997573,11.129999999999807,275.0,1
2.1633192947630175,11.129999999999807,276.0,1
2.163778039755212,11.119999999999807,277.0,1
2.1642285972819613,11.119999999999807,278.0,1
2.1646710621578977,11.119999999999807,279.0,1
2.1651055279527194,11.119999999999807,280.0,1
2.1655320869899075,11.119999999999807,281.0,1
2.165950830380056,11.109999999999808,282.0,1
2.1663618480238895,11.109999999999808,283.0,1
2.1667652286473005,11.109999999999808,284.0,1
2.167161059810391,11.109999999999808,285.0,1
2.1675494279277014,11.099999999999808,286.0,1
2.1679304182799184,11.099999999999808,287.0,1
2.168304115047531,11.099999999999808,288.0,1
2.168670601310433,11.099999999999808,289.0,1
2.169029959071596,11.089999999999808,290.0,1
2.1693822692747453,11.089999999999808,291.0,1
2.169727611814243,11.089999999999808,292.0,1
2.1700660655670934,11.089999999999808,293.0,1
2.1703977083761643,11.079999999999808,294.0,1
2.170722617110404,11.079999999999808,295.0,1
2.1710408676395865,11.079999999999808,296.0,1
2.171352534870794,11.079999999999808,297.0,1
2.17165769275489,11.079999999999808,298.0,1
2.1719564143075503,11.069999999999808,299.0,1
2.1722487716067453,11.069999999999808,300.0,1
2.1725348358371783,11.069999999999808,301.0,1
2.172814677267767,11.069999999999808,302.0,1
2.1730883652956576,11.059999999999809,303.0,1
2.1733559684343233,11.059999999999809,304.0,1
2.173617554343348,11.059999999999809,305.0,1
2.1738731898384023,11.059999999999809,306.0,1
2.1741229408973295,11.049999999999809,307.0,1
2.1743668726763974,11.049999999999809,308.0,1
2.174605049522513,11.049999999999809,309.0,1
2.1748375349824585,11.049999999999809,310.0,1
2.1750643918187844,11.039999999999809,311.0,1
2.175285682015231,11.039999999999809,312.0,1
2.1755014667956236,11.039999999999809,313.0,1
2.175711806629988,11.039999999999809,314.0,1
2.1759167612362798,11.039999999999809,315.0,1
2.1761163896168196,11.02999999999981,316.0,1
2.1763107500427994,11.02999999999981,317.0,1
2.1764999000750693,11.02999999999981,318.0,1
2.176683896576433,11.02999999999981,319.0,1
2.1768627957159405,11.01999999999981,320.0,1
2.1770366529849494,11.01999999999981,321.0,1
2.177205523198653,11.01999999999981,322.0,1
2.1773694605147016,11.01999999999981,323.0,1
2.1775285184348157,11.00999999999981,324.0,1
2.1776827498212974,11.00999999999981,325.0,1
2.177832206897248,11.00999999999981,326.0,1
2.177976941265815,11.00999999999981,327.0,1
2.1781170039039486,10.99999999999981,328.0,1
2.1782524451888117,10.99999999999981,329.0,1
2.178383314898937,10.99999999999981,330.0,1
2.1785096622118463,10.99999999999981,331.0,1
2.178631535732794,10.98999999999981,332.0,1
2.178748983482002,10.98999999999981,333.0,1
2.178862052922438,10.98999999999981,334.0,1
2.1789707909453493,10.98999999999981,335.0,1
2.1790752438967895,10.98999999999981,336.0,1
2.179175457583609,10.97999999999981,337.0,1
2.179271477271162,10.97999999999981,338.0,1
2.179363347685746,10.97999999999981,339.0,1
2.1794511130490903,10.97999999999981,340.0,1
2.1795348170546243,10.96999999999981,341.0,1
2.1796145028930582,10.96999999999981,342.0,1
2.1796902132506855,10.96999999999981,343.0,1
2.1797619903214005,10.96999999999981,344.0,1
2.179829875809838,10.95999999999981,345.0,1
2.1798939109400197,10.95999999999981,346.0,1
2.179954136459985,10.95999999999981,347.0,1
2.180010592650235,10.95999999999981,348.0,1
2.180063319323911,10.949999999999811,349.0,1
2.180112355848492,10.949999999999811,350.0,1
2.180157741131828,10.949999999999811,351.0,1
2.180199513641845,10.949999999999811,352.0,1
2.1802377114050024,10.949999999999811,353.0,1
2.1802723720171313,10.939999999999811,354.0,1
2.1803035326492144,10.939999999999811,355.0,1
2.1803312300449593,10.939999999999811,356.0,1
2.1803555005396564,10.939999999999811,357.0,1
2.180376380055775,10.929999999999811,358.0,1
2.180393904104958,10.929999999999811,359.0,1
2.180408107806819,10.929999999999811,360.0,1
2.1804190258855733,10.929999999999811,361.0,1
2.1804266926738514,10.919999999999812,362.0,1
2.1804311421173455,10.919999999999812,363.0,1
2.1804324077853816,10.919999999999812,364.0,1
2.1804305228800698,10.919999999999812,365.0,1
2.180425520219597,10.909999999999812,366.0,1
2.1804174322649716,10.909999999999812,367.0,1
2.1804062911204323,10.909999999999812,368.0,1
2.180392128530154,10.909999999999812,369.0,1
2.180374975885978,10.899999999999812,370.0,1
2.180354864237738,10.899999999999812,371.0,1
2.1803318242908034,10.899999999999812,372.0,1
2.1803058864093625,10.899999999999812,373.0,1
2.180277080630991,10.899999999999812,374.0,1
2.1802454366586312,10.889999999999812,375.0,1
2.1802109838721964,10.889999999999812,376.0,1
2.180173751332299,10.889999999999812,377.0,1
2.1801337677772787,10.889999999999812,378.0,1
2.180091061638294,10.879999999999812,379.0,1
2.1800456610349883,10.879999999999812,380.0,1
2.1799975937820495,10.879999999999812,381.0,1
2.1799468873896486,10.879999999999812,382.0,1
2.1798935690773003,10.869999999999813,383.0,1
2.1798376657658842,10.869999999999813,384.0,1
2.1797792040836312,10.869999999999813,385.0,1
2.179718210376597,10.869999999999813,386.0,1
2.179654710705583,10.869999999999813,387.0,1
2.1795887308556754,10.859999999999813,388.0,1
2.1795202963304754,10.859999999999813,389.0,1
2.179449432363931,10.859999999999813,390.0,1
2.179376163915511,10.859999999999813,391.0,1
2.1793005156892615,10.849999999999813,392.0,1
2.179222512110591,10.849999999999813,393.0,1
2.179142177361461,10.849999999999813,394.0,1
2.1790595353583826,10.849999999999813,395.0,1
2.178974609764633,10.839999999999813,396.0,1
2.178887423996178,10.839999999999813,397.0,1
2.1787980012221184,10.839999999999813,398.0,1
2.178706364357862,10.839999999999813,399.0,1
2.178612536094581,10.839999999999813,400.0,1
2.1785165388676013,10.829999999999814,401.0,1
2.1784183948870615,10.829999999999814,402.0,1
2.17831812612999,10.829999999999814,403.0,1
2.1782157543393104,10.829999999999814,404.0,1
2.178111301035378,10.819999999999814,405.0,1
2.1780047875036512,10.819999999999814,406.0,1
2.177896234825042,10.819999999999814,407.0,1
2.1777856638444466,10.819999999999814,408.0,1
2.177673095203455,10.809999999999814,409.0,1
2.17755854931829,10.809999999999814,410.0,1
2.177442046402938,10.809999999999814,411.0,1
2.177323606457929,10.809999999999814,412.0,1
2.177203249276126,10.809999999999814,413.0,1
2.1770809944466842,10.799999999999814,414.0,1
2.1769568613636845,10.799999999999814,415.0,1
2.176830869213634,10.799999999999814,416.0,1
2.1767030369900096,10.799999999999814,417.0,1
2.1765733834908185,10.789999999999814,418.0,1
2.1764419273212154,10.789999999999814,419.0,1
2.1763086868971215,10.789999999999814,420.0,1
2.1761736804466727,10.789999999999814,421.0,1
2.1760369260088948,10.789999999999814,422.0,1
2.175898441444836,10.779999999999815,423.0,1
2.17575824443023,10.779999999999815,424.0,1
2.1756163524615992,10.779999999999815,425.0,1
2.1754727828603686,10.779999999999815,426.0,1
2.175327552772941,10.769999999999815,427.0,1
2.1751806791632915,10.769999999999815,428.0,1
2.1750321788374696,10.769999999999815,429.0,1
2.1748820684266383,10.769999999999815,430.0,1
2.1747303643930427,10.769999999999815,431.0,1
2.1745770830351328,10.759999999999815,432.0,1
2.174422240486497,10.759999999999815,433.0,1
2.174265852720371,10.759999999999815,434.0,1
2.174107935549045,10.759999999999815,435.0,1
2.1739485046272193,10.749999999999815,436.0,1
2.1737875754547207,10.749999999999815,437.0,1
2.173625163374368,10.749999999999815,438.0,1
2.173461283578211,10.749999999999815,439.0,1
2.1732959511041896,10.749999999999815,440.0,1
2.1731291808469626,10.739999999999815,441.0,1
2.172960987544799,10.739999999999815,442.0,1
2.172791385798933,10.739999999999815,443.0,1
2.1726203900587686,10.739999999999815,444.0,1
2.172448014636824,10.729999999999816,445.0,1
2.172274273701261,10.729999999999816,446.0,1
2.172099181281454,10.729999999999816,447.0,1
2.1719227512683466,10.729999999999816,448.0,1
2.171744997414758,10.729999999999816,449.0,1
2.171565933343314,10.719999999999816,450.0,1
2.171385572539952,10.719999999999816,451.0,1
2.1712039283519298,10.719999999999816,452.0,1
2.1710210140132538,10.719999999999816,453.0,1
2.170836842610283,10.709999999999816,454.0,1
2.170651427111563,10.709999999999816,455.0,1
2.170464780359285,10.709999999999816,456.0,1
2.170276915067309,10.709999999999816,457.0,1
2.1700878438305273,10.709999999999816,458.0,1
2.1698975791097674,10.699999999999816,459.0,1
2.169706133262053,10.699999999999816,460.0,1
2.169513518514188,10.699999999999816,461.0,1
2.1693197469780374,10.699999999999816,462.0,1
2.1691248306419464,10.699999999999816,463.0,1
2.1689287813890012,10.689999999999817,464.0,1
2.1687316109846515,10.689999999999817,465.0,1
2.1685333310724677,10.689999999999817,466.0,1
2.168333953197931,10.689999999999817,467.0,1
2.168133488781909,10.679999999999817,468.0,1
2.1679319491462095,10.679999999999817,469.0,1
2.167729345501356,10.679999999999817,470.0,1
2.167525688948589,10.679999999999817,471.0,1
2.1673209904814206,10.679999999999817,472.0,1
2.167115260994276,10.669999999999817,473.0,1
2.1669085112753272,10.669999999999817,474.0,1
2.1667007520030483,10.669999999999817,475.0,1
2.1664919937659795,10.669999999999817,476.0,1
2.1662822470455194,10.669999999999817,477.0,1
2.166071522222759,10.659999999999817,478.0,1
2.1658598295825526,10.659999999999817,479.0,1
2.16564717931343,10.659999999999817,480.0,1
2.1654335815027594,10.659999999999817,481.0,1
2.165219046147931,10.659999999999817,482.0,1
2.165003583149262,10.649999999999817,483.0,1
2.164787202314171,10.649999999999817,484.0,1
2.1645699133580263,10.649999999999817,485.0,1
2.1643517259021925,10.649999999999817,486.0,1
2.16413264948154,10.639999999999818,487.0,1
2.163912693539459,10.639999999999818,488.0,1
2.1636918674310643,10.639999999999818,489.0,1
2.1634701804231566,10.639999999999818,490.0,1
2.1632476416988746,10.639999999999818,491.0,1
2.1630242603465395,10.629999999999818,492.0,1
2.162800045381492,10.629999999999818,493.0,1
2.162575005728498,10.629999999999818,494.0,1
2.1623491502295007,10.629999999999818,495.0,1
2.162122487641367,10.629999999999818,496.0,1
2.161895026647765,10.619999999999818,497.0,1
2.1616667758461667,10.619999999999818,498.0,1
2.161437743749121,10.619999999999818,499.0,1
2.161207938801405,10.619999999999818,500.0,1
2.1609773693625693,10.619999999999818,501.0,1
2.1607460437153563,10.609999999999818,502.0,1
2.160513970066949,10.609999999999818,503.0,1
2.160281156548269,10.609999999999818,504.0,1
2.160047611217227,10.609999999999818,505.0,1
2.1598133420509726,10.609999999999818,506.0,1
2.1595783569631246,10.599999999999818,507.0,1
2.1593426637842543,10.599999999999818,508.0,1
2.1591062702814834,10.599999999999818,509.0,1
2.1588691841468988,10.599999999999818,510.0,1
2.15863141299803,10.599999999999818,511.0,1
2.15839296439069,10.589999999999819,512.0,1
2.158153845805281,10.589999999999819,513.0,1
2.1579140646562887,10.589999999999819,514.0,1
2.157673628289988,10.589999999999819,515.0,1
2.157432543985236,10.589999999999819,516.0,1
2.1571908189554643,10.579999999999819,517.0,1
2.1569484603468494,10.579999999999819,518.0,1
2.1567054752415626,10.579999999999819,519.0,1
2.1564618706597445,10.579999999999819,520.0,1
2.1562176535467357,10.579999999999819,521.0,1
2.15597283079988,10.569999999999819,522.0,1
2.155727409247105,10.569999999999819,523.0,1
2.1554813956511354,10.569999999999819,524.0,1
2.1552347967182417,10.569999999999819,525.0,1
2.154987619094945,10.569999999999819,526.0,1
2.154739869360371,10.55999999999982,527.0,1
2.1544915540391227,10.55999999999982,528.0,1
2.154242679598289,10.55999999999982,529.0,1
2.1539932524465155,10.55999999999982,530.0,1
2.153743278930864,10.55999999999982,531.0,1
2.153492765345675,10.54999999999982,532.0,1
2.153241717925322,10.54999999999982,533.0,1
2.152990142844565,10.54999999999982,534.0,1
2.152738046233943,10.54999999999982,535.0,1
2.152485434160081,10.54999999999982,536.0,1
2.1522323126389558,10.53999999999982,537.0,1
2.1519786876268996,10.53999999999982,538.0,1
2.1517245650357495,10.53999999999982,539.0,1
2.151469950717764,10.53999999999982,540.0,1
2.151214850476274,10.53999999999982,541.0,1
2.150959270058675,10.52999999999982,542.0,1
2.150703215163784,10.52999999999982,543.0,1
2.1504466914413958,10.52999999999982,544.0,1
2.1501897044900606,10.52999999999982,545.0,1
2.149932259856631,10.52999999999982,546.0,1
2.1496743630381103,10.51999999999982,547.0,1
2.1494160194858947,10.51999999999982,548.0,1
2.149157234600099,10.51999999999982,549.0,1
2.1488980137340614,10.51999999999982,550.0,1
2.148638362193435,10.51999999999982,551.0,1
2.148378285237727,10.51999999999982,552.0,1
2.148117788074321,10.50999999999982,553.0,1
2.1478568758743295,10.50999999999982,554.0,1
2.1475955537582094,10.50999999999982,555.0,1
2.1473338267939948,10.50999999999982,556.0,1
2.147071700016736,10.50999999999982,557.0,1
2.14680917841241,10.49999999999982,558.0,1
2.146546266921364,10.49999999999982,559.0,1
2.1462829704440516,10.49999999999982,560.0,1
2.146019293827568,10.49999999999982,561.0,1
2.1457552418920693,10.49999999999982,562.0,1
2.145490819404713,10.48999999999982,563.0,1
2.1452260310919886,10.48999999999982,564.0,1
2.1449608816439207,10.48999999999982,565.0,1
2.1446953756981766,10.48999999999982,566.0,1
2.1444295178653623,10.48999999999982,567.0,1
2.1441633127087436,10.48999999999982,568.0,1
2.143896764748639,10.479999999999821,569.0,1
2.1436298784740324,10.479999999999821,570.0,1
2.1433626583281606,10.479999999999821,571.0,1
2.1430951087126355,10.479999999999821,572.0,1
2.142827234001588,10.479999999999821,573.0,1
2.14255903852082,10.469999999999821,574.0,1
2.142290526561924,10.469999999999821,575.0,1
2.142021702381332,10.469999999999821,576.0,1
2.141752570193622,10.469999999999821,577.0,1
2.141483134180845,10.469999999999821,578.0,1
2.1412133984856707,10.459999999999821,579.0,1
2.140943367216377,10.459999999999821,580.0,1
2.140673044444131,10.459999999999821,581.0,1
2.140402434208583,10.459999999999821,582.0,1
2.140131540506589,10.459999999999821,583.0,1
2.139860367304665,10.459999999999821,584.0,1
2.1395889185396326,10.449999999999822,585.0,1
2.1393171981078725,10.449999999999822,586.0,1
2.139045209872046,10.449999999999822,587.0,1
2.138772957664903,10.449999999999822,588.0,1
2.138500445283288,10.449999999999822,589.0,1
2.1382276764917636,10.439999999999822,590.0,1
2.137954655022184,10.439999999999822,591.0,1
2.137681384575078,10.439999999999822,592.0,1
2.1374078688173617,10.439999999999822,593.0,1
2.1371341113865685,10.439999999999822,594.0,1
2.136860115888243,10.439999999999822,595.0,1
2.136585885890375,10.429999999999822,596.0,1
2.136311424941625,10.429999999999822,597.0,1
2.136036736552792,10.429999999999822,598.0,1
2.1357618242065404,10.429999999999822,599.0,1
2.135486691348742,10.429999999999822,600.0,1
2.135211341409252,10.429999999999822,601.0,1
2.1349357777772413,10.419999999999822,602.0,1
2.134660003818464,10.419999999999822,603.0,1
2.1343840228624322,10.419999999999822,604.0,1
2.134107838220403,10.419999999999822,605.0,1
2.133831453165457,10.419999999999822,606.0,1
2.13355487095009,10.409999999999823,607.0,1
2.1332780947952497,10.409999999999823,608.0,1
2.133001127893227,10.409999999999823,609.0,1
2.1327239734109273,10.409999999999823,610.0,1
2.1324466344875974,10.409999999999823,611.0,1
2.13216911423629,10.409999999999823,612.0,1
2.1318914157412263,10.399999999999823,613.0,1
2.131613542060429,10.399999999999823,614.0,1
2.1313354962275874,10.399999999999823,615.0,1
2.1310572812516746,10.399999999999823,616.0,1
2.1307789001142488,10.399999999999823,617.0,1
2.1305003557668702,10.399999999999823,618.0,1
2.1302216511423824,10.389999999999823,619.0,1
2.1299427891438896,10.389999999999823,620.0,1
2.1296637726547063,10.389999999999823,621.0,1
2.1293846045296103,10.389999999999823,622.0,1
2.129105287600699,10.389999999999823,623.0,1
2.128825824676371,10.379999999999823,624.0,1
2.128546218535506,10.379999999999823,625.0,1
2.128266471941722,10.379999999999823,626.0,1
2.127986587629214,10.379999999999823,627.0,1
2.1277065683107637,10.379999999999823,628.0,1
2.1274264166769057,10.379999999999823,629.0,1
2.127146135393628,10.369999999999823,630.0,1
2.1268657271040703,10.369999999999823,631.0,1
2.1265851944307856,10.369999999999823,632.0,1
2.1263045399718945,10.369999999999823,633.0,1
2.1260237663057566,10.369999999999823,634.0,1
2.125742875983467,10.369999999999823,635.0,1
2.125461871541938,10.359999999999824,636.0,1
2.1251807554916744,10.359999999999824,637.0,1
2.124899530325542,10.359999999999824,638.0,1
2.124618198505084,10.359999999999824,639.0,1
2.1243367624863265,10.359999999999824,640.0,1
2.1240552246914888,10.359999999999824,641.0,1
2.1237735875306463,10.349999999999824,642.0,1
2.1234918533878786,10.349999999999824,643.0,1
2.123210024629378,10.349999999999824,644.0,1
2.122928103603806,10.349999999999824,645.0,1
2.122646092629494,10.349999999999824,646.0,1
2.122363994019595,10.349999999999824,647.0,1
2.12208181005958,10.339999999999824,648.0,1
2.121799543011921,10.339999999999824,649.0,1
2.121517195129524,10.339999999999824,650.0,1
2.12123476863943,10.339999999999824,651.0,1
2.120952265752034,10.339999999999824,652.0,1
2.1206696886577996,10.339999999999824,653.0,1
2.120387039526358,10.329999999999824,654.0,1
2.1201043205165244,10.329999999999824,655.0,1
2.119821533761987,10.329999999999824,656.0,1
2.1195386813821187,10.329999999999824,657.0,1
2.1192557654716113,10.329999999999824,658.0,1
2.118972788116481,10.329999999999824,659.0,1
2.1186897513802325,10.319999999999824,660.0,1
2.11840665730955,10.319999999999824,661.0,1
2.118123507933438,10.319999999999824,662.0,1
2.117840305264542,10.319999999999824,663.0,1
2.117557051298785,10.319999999999824,664.0,1
2.117273748012364,10.319999999999824,665.0,1
2.1169903973645336,10.309999999999825,666.0,1
2.116707001304105,10.309999999999825,667.0,1
2.1164235617599,10.309999999999825,668.0,1
2.1161400806395125,10.309999999999825,669.0,1
2.115856559841719,10.309999999999825,670.0,1
2.1155730012483476,10.309999999999825,671.0,1
2.1152894067155525,10.299999999999825,672.0,1
2.1150057780975215,10.299999999999825,673.0,1
2.114722117225221,10.299999999999825,674.0,1
2.114438425915074,10.299999999999825,675.0,1
2.1141547059693924,10.299999999999825,676.0,1
2.1138709591693328,10.299999999999825,677.0,1
2.1135871872922163,10.289999999999825,678.0,1
2.1133033920908018,10.289999999999825,679.0,1
2.113019575302927,10.289999999999825,680.0,1
2.112735738659813,10.289999999999825,681.0,1
2.1124518838727275,10.289999999999825,682.0,1
2.112168012633198,10.289999999999825,683.0,1
2.1118841266296484,10.289999999999825,684.0,1
2.1116002275281214,10.279999999999825,685.0,1
2.1113163169826543,10.279999999999825,686.0,1
2.111032396632757,10.279999999999825,687.0,1
2.1107484681062028,10.279999999999825,688.0,1
2.1104645330157643,10.279999999999825,689.0,1
2.1101805929556403,10.279999999999825,690.0,1
2.1098966495162848,10.269999999999825,691.0,1
2.1096127042665,10.269999999999825,692.0,1
2.109328758763846,10.269999999999825,693.0,1
2.109044814556225,10.269999999999825,694.0,1
2.108760873172835,10.269999999999825,695.0,1
2.108476936133213,10.269999999999825,696.0,1
2.108193004944181,10.259999999999826,697.0,1
2.107909081098886,10.259999999999826,698.0,1
2.1076251660762306,10.259999999999826,699.0,1
2.107341261345655,10.259999999999826,700.0,1
2.107057368360739,10.259999999999826,701.0,1
2.1067734885664984,10.259999999999826,702.0,1
2.1064896233907344,10.259999999999826,703.0,1
2.1062057742566678,10.249999999999826,704.0,1
2.105921942564296,10.249999999999826,705.0,1
2.105638129713635,10.249999999999826,706.0,1
2.105354337081863,10.249999999999826,707.0,1
2.105070566046187,10.249999999999826,708.0,1
2.1047868179585483,10.249999999999826,709.0,1
2.1045030941718346,10.239999999999826,710.0,1
2.104219396022224,10.239999999999826,711.0,1
2.103935724826295,10.239999999999826,712.0,1
2.1036520819054854,10.239999999999826,713.0,1
2.103368468559297,10.239999999999826,714.0,1
2.1030848860804205,10.239999999999826,715.0,1
2.102801335741706,10.239999999999826,716.0,1
2.1025178188195515,10.229999999999826,717.0,1
2.102234336568123,10.229999999999826,718.0,1
2.101950890235868,10.229999999999826,719.0,1
2.101667481059032,10.229999999999826,720.0,1
2.1013841102651774,10.229999999999826,721.0,1
2.1011007790646206,10.229999999999826,722.0,1
2.100817488666797,10.219999999999827,723.0,1
2.1005342402654126,10.219999999999827,724.0,1
2.100251035045684,10.219999999999827,725.0,1
2.0999678741774037,10.219999999999827,726.0,1
2.0996847588296466,10.219999999999827,727.0,1
2.099401690154662,10.219999999999827,728.0,1
2.0991186692985573,10.219999999999827,729.0,1
2.098835697390331,10.209999999999827,730.0,1
2.0985527755580975,10.209999999999827,731.0,1
2.098269904918112,10.209999999999827,732.0,1
2.097987086572648,10.209999999999827,733.0,1
2.097704321621005,10.209999999999827,734.0,1
2.0974216111430537,10.209999999999827,735.0,1
2.0971389562219365,10.199999999999827,736.0,1
2.096856357923875,10.199999999999827,737.0,1
2.0965738173052175,10.199999999999827,738.0,1
2.096291335413133,10.199999999999827,739.0,1
2.0960089132928097,10.199999999999827,740.0,1
2.095726551975159,10.199999999999827,741.0,1
2.095444252475962,10.199999999999827,742.0,1
2.0951620158148323,10.189999999999827,743.0,1
2.0948798429941413,10.189999999999827,744.0,1
2.0945977350089855,10.189999999999827,745.0,1
2.0943156928469704,10.189999999999827,746.0,1
2.094033717487201,10.189999999999827,747.0,1
2.0937518099001178,10.189999999999827,748.0,1
2.0934699710431377,10.189999999999827,749.0,1
2.0931882018735646,10.179999999999827,750.0,1
2.0929065033342633,10.179999999999827,751.0,1
2.0926248763626876,10.179999999999827,752.0,1
2.092343321887588,10.179999999999827,753.0,1
2.092061840827956,10.179999999999827,754.0,1
2.091780434096657,10.179999999999827,755.0,1
2.091499102597914,10.179999999999827,756.0,1
2.0912178472285,10.169999999999828,757.0,1
2.090936668877774,10.169999999999828,758.0,1
2.0906555684224766,10.169999999999828,759.0,1
2.090374546736762,10.169999999999828,760.0,1
2.0900936046905287,10.169999999999828,761.0,1
2.0898127431346367,10.169999999999828,762.0,1
2.0895319629222677,10.169999999999828,763.0,1
2.0892512648991466,10.159999999999828,764.0,1
2.088970649893091,10.159999999999828,765.0,1
2.0886901187372273,10.159999999999828,766.0,1
2.0884096722514074,10.159999999999828,767.0,1
2.0881293112474992,10.159999999999828,768.0,1
2.0878490365311113,10.159999999999828,769.0,1
2.087568848902373,10.159999999999828,770.0,1
2.08728874915271,10.149999999999828,771.0,1
2.0870087380660953,10.149999999999828,772.0,1
2.0867288164195026,10.149999999999828,773.0,1
2.086448984985766,10.149999999999828,774.0,1
2.086169244526829,10.149999999999828,775.0,1
2.085889595802256,10.149999999999828,776.0,1
2.0856100395590143,10.149999999999828,777.0,1
2.0853305765402452,10.139999999999828,778.0,1
2.085051207488714,10.139999999999828,779.0,1
2.0847719331266608,10.139999999999828,780.0,1
2.0844927541840232,10.139999999999828,781.0,1
2.084213671376144,10.139999999999828,782.0,1
2.083934685414849,10.139999999999828,783.0,1
2.0836557970012044,10.139999999999828,784.0,1
2.083377006836395,10.129999999999828,785.0,1
2.0830983156105773,10.129999999999828,786.0,1
2.0828197240097404,10.129999999999828,787.0,1
2.0825412327140116,10.129999999999828,788.0,1
2.082262842395125,10.129999999999828,789.0,1
2.081984553720625,10.129999999999828,790.0,1
2.0817063673541076,10.129999999999828,791.0,1
2.0814282839433207,10.119999999999829,792.0,1
2.0811503041436206,10.119999999999829,793.0,1
2.0808724285985654,10.119999999999829,794.0,1
2.0805946579387795,10.119999999999829,795.0,1
2.0803169928029788,10.119999999999829,796.0,1
2.080039433812396,10.119999999999829,797.0,1
2.0797619815880646,10.119999999999829,798.0,1
2.0794846367434388,10.119999999999829,799.0,1
2.0792073998894263,10.109999999999829,800.0,1
2.078930271625223,10.109999999999829,801.0,1
2.078653252550812,10.109999999999829,802.0,1
2.078376343259444,10.109999999999829,803.0,1
2.078099544331133,10.109999999999829,804.0,1
2.07782285635316,10.109999999999829,805.0,1
2.077546279898263,10.109999999999829,806.0,1
2.077269815539641,10.09999999999983,807.0,1
2.076993463835179,10.09999999999983,808.0,1
2.0767172253518167,10.09999999999983,809.0,1
2.076441100638249,10.09999999999983,810.0,1
2.076165090247608,10.09999999999983,811.0,1
2.0758891947244837,10.09999999999983,812.0,1
2.0756134146024428,10.09999999999983,813.0,1
2.0753377504207737,10.08999999999983,814.0,1
2.0750622027055123,10.08999999999983,815.0,1
2.0747867719816684,10.08999999999983,816.0,1
2.0745114587693396,10.08999999999983,817.0,1
2.0742362635769167,10.08999999999983,818.0,1
2.0739611869193726,10.08999999999983,819.0,1
2.0736862292989393,10.08999999999983,820.0,1
2.073411391215235,10.08999999999983,821.0,1
2.073136673163636,10.07999999999983,822.0,1
2.072862075630308,10.07999999999983,823.0,1
2.0725875991064955,10.07999999999983,824.0,1
2.072313244066872,10.07999999999983,825.0,1
2.0720390109912565,10.07999999999983,826.0,1
2.0717649003520355,10.07999999999983,827.0,1
2.0714909126113192,10.07999999999983,828.0,1
2.0712170482348906,10.06999999999983,829.0,1
2.070943307679534,10.06999999999983,830.0,1
2.0706696913997193,10.06999999999983,831.0,1
2.0703961998431426,10.06999999999983,832.0,1
2.070122833455629,10.06999999999983,833.0,1
2.069849592676464,10.06999999999983,834.0,1
2.0695764779423085,10.06999999999983,835.0,1
2.069303489686237,10.06999999999983,836.0,1
2.0690306283306654,10.05999999999983,837.0,1
2.0687578943029283,10.05999999999983,838.0,1
2.0684852880219404,10.05999999999983,839.0,1
2.0682128099016217,10.05999999999983,840.0,1
2.0679404603558793,10.05999999999983,841.0,1
2.0676682397847377,10.05999999999983,842.0,1
2.067396148595107,10.05999999999983,843.0,1
2.0671241871872192,10.05999999999983,844.0,1
2.0668523559521876,10.04999999999983,845.0,1
2.066580655282679,10.04999999999983,846.0,1
2.0663090855650594,10.04999999999983,847.0,1
2.0660376471824566,10.04999999999983,848.0,1
2.065766340513509,10.04999999999983,849.0,1
2.0654951659320244,10.04999999999983,850.0,1
2.0652241238114573,10.04999999999983,851.0,1
2.064953214518447,10.03999999999983,852.0,1
2.0646824384168614,10.03999999999983,853.0,1
2.064411795866857,10.03999999999983,854.0,1
2.0641412872238303,10.03999999999983,855.0,1
2.0638709128419284,10.03999999999983,856.0,1
2.063600673070573,10.03999999999983,857.0,1
2.0633305682520593,10.03999999999983,858.0,1
2.063060598731412,10.03999999999983,859.0,1
2.0627907648425157,10.02999999999983,860.0,1
2.0625210669274634,10.02999999999983,861.0,1
2.0622515053093395,10.02999999999983,862.0,1
2.0619820803215467,10.02999999999983,863.0,1
2.0617127922867886,10.02999999999983,864.0,1
2.061443641526227,10.02999999999983,865.0,1
2.0611746283552965,10.02999999999983,866.0,1
2.0609057530901267,10.02999999999983,867.0,1
2.060637016041433,10.01999999999983,868.0,1
2.0603684175159667,10.01999999999983,869.0,1
2.060099957818617,10.01999999999983,870.0,1
2.0598316372495207,10.01999999999983,871.0,1
2.059563456103635,10.01999999999983,872.0,1
2.059295414680586,10.01999999999983,873.0,1
2.059027513267958,10.01999999999983,874.0,1
2.0587597521547236,10.01999999999983,875.0,1
2.0584921316242024,10.009999999999831,876.0,1
2.058224651961697,10.009999999999831,877.0,1
2.0579573134437354,10.009999999999831,878.0,1
2.0576901163424206,10.009999999999831,879.0,1
2.057423060936075,10.009999999999831,880.0,1
2.0571561474920506,10.009999999999831,881.0,1
2.056889376273011,10.009999999999831,882.0,1
2.056622747547042,10.009999999999831,883.0,1
2.0563562615733675,9.999999999999831,884.0,1
2.056089918608837,9.999999999999831,885.0,1
2.055823718908466,9.999999999999831,886.0,1
2.055557662723318,9.999999999999831,887.0,1
2.055291750302847,9.999999999999831,888.0,1
2.0550259818922,9.999999999999831,889.0,1
2.054760357735176,9.999999999999831,890.0,1
2.054494878074268,9.999999999999831,891.0,1
2.05422954313926,9.989999999999831,892.0,1
2.0539643531752465,9.989999999999831,893.0,1
2.053699308404501,9.989999999999831,894.0,1
2.05343440906404,9.989999999999831,895.0,1
2.053169655374173,9.989999999999831,896.0,1
2.0529050475633737,9.989999999999831,897.0,1
2.052640585850769,9.989999999999831,898.0,1
2.0523762704549027,9.989999999999831,899.0,1
2.0521121015924444,9.989999999999831,900.0,1
2.0518480794758154,9.979999999999832,901.0,1
2.0515842043152372,9.979999999999832,902.0,1
2.0513204763198565,9.979999999999832,903.0,1
2.0510568956949915,9.979999999999832,904.0,1
2.0507934626450908,9.979999999999832,905.0,1
2.050530177366144,9.979999999999832,906.0,1
2.0502670400604814,9.979999999999832,907.0,1
2.05000405092134,9.979999999999832,908.0,1
2.0497412101431056,9.969999999999832,909.0,1
2.0494785179160386,9.969999999999832,910.0,1
2.049215974428932,9.969999999999832,911.0,1
2.048953579866224,9.969999999999832,912.0,1
2.0486913344116955,9.969999999999832,913.0,1
2.048429238249544,9.969999999999832,914.0,1
2.0481672915513127,9.969999999999832,915.0,1
2.0479054944993145,9.969999999999832,916.0,1
2.0476438472671594,9.959999999999832,917.0,1
2.0473823500241033,9.959999999999832,918.0,1
2.0471210029415343,9.959999999999832,919.0,1
2.0468598061863417,9.959999999999832,920.0,1
2.0465987599234916,9.959999999999832,921.0,1
2.046337864314859,9.959999999999832,922.0,1
2.046077119521845,9.959999999999832,923.0,1
2.045816525704091,9.959999999999832,924.0,1
2.0455560830138184,9.959999999999832,925.0,1
2.0452957916088867,9.949999999999832,926.0,1
2.045035651639886,9.949999999999832,927.0,1
2.044775663255906,9.949999999999832,928.0,1
2.044515826605477,9.949999999999832,929.0,1
2.044256141833733,9.949999999999832,930.0,1
2.0439966090849384,9.949999999999832,931.0,1
2.0437372284985824,9.949999999999832,932.0,1
2.0434780002145057,9.949999999999832,933.0,1
2.043218924373818,9.939999999999833,934.0,1
2.0429600011034066,9.939999999999833,935.0,1
2.042701230544545,9.939999999999833,936.0,1
2.042442612825326,9.939999999999833,937.0,1
2.042184148074844,9.939999999999833,938.0,1
2.041925836421563,9.939999999999833,939.0,1
2.0416676779908807,9.939999999999833,940.0,1
2.0414096729037787,9.939999999999833,941.0,1
2.0411518212847386,9.939999999999833,942.0,1
2.0408941232521554,9.929999999999833,943.0,1
2.0406365789237757,9.929999999999833,944.0,1
2.0403791884154048,9.929999999999833,945.0,1
2.0401219518419524,9.929999999999833,946.0,1
2.039864869313987,9.929999999999833,947.0,1
2.039607940943499,9.929999999999833,948.0,1
2.039351166837886,9.929999999999833,949.0,1
2.0390945471044364,9.929999999999833,950.0,1
2.0388380818480187,9.929999999999833,951.0,1
2.038581771171184,9.919999999999833,952.0,1
2.0383256151763622,9.919999999999833,953.0,1
2.0380696139624863,9.919999999999833,954.0,1
2.037813767627577,9.919999999999833,955.0,1
2.0375580762688426,9.919999999999833,956.0,1
2.0373025399778384,9.919999999999833,957.0,1
2.037047158852729,9.919999999999833,958.0,1
2.0367919329767763,9.919999999999833,959.0,1
2.0365368624459976,9.919999999999833,960.0,1
2.036281947345759,9.909999999999833,961.0,1
2.0360271877626075,9.909999999999833,962.0,1
2.035772583781666,9.909999999999833,963.0,1
2.0355181354814973,9.909999999999833,964.0,1
2.0352638429488277,9.909999999999833,965.0,1
2.0350097062614276,9.909999999999833,966.0,1
2.0347557254977864,9.909999999999833,967.0,1
2.0345019007308953,9.909999999999833,968.0,1
2.03424823203953,9.909999999999833,969.0,1
2.033994719496728,9.899999999999833,970.0,1
2.033741363172844,9.899999999999833,971.0,1
2.033488163141078,9.899999999999833,972.0,1
2.0332351194647265,9.899999999999833,973.0,1
2.0329822322153066,9.899999999999833,974.0,1
2.0327295014585927,9.899999999999833,975.0,1
2.03247692725865,9.899999999999833,976.0,1
2.0322245096745597,9.899999999999833,977.0,1
2.031972248773693,9.899999999999833,978.0,1
2.0317201446101842,9.889999999999834,979.0,1
2.0314681972473587,9.889999999999834,980.0,1
2.031216406738434,9.889999999999834,981.0,1
2.0309647731435443,9.889999999999834,982.0,1
2.0307132965114927,9.889999999999834,983.0,1
2.03046197689816,9.889999999999834,984.0,1
2.030210814355356,9.889999999999834,985.0,1
2.029959808931818,9.889999999999834,986.0,1
2.029708960679126,9.889999999999834,987.0,1
2.02945826963882,9.879999999999834,988.0,1
2.0292077358648286,9.879999999999834,989.0,1
2.028957359392336,9.879999999999834,990.0,1
2.02870714027319,9.879999999999834,991.0,1
2.028457078544218,9.879999999999834,992.0,1
2.028207174249475,9.879999999999834,993.0,1
2.0279574274265193,9.879999999999834,994.0,1
2.027707838114972,9.879999999999834,995.0,1
2.027458406349198,9.879999999999834,996.0,1
2.0272091321669157,9.869999999999834,997.0,1
2.0269600156039083,9.869999999999834,998.0,1
2.02671105668766,9.869999999999834,999.0,1
2.0264622554564578,9.869999999999834,1000.0,1
2.0262136119389513,9.869999999999834,1001.0,1
2.025965126160454,9.869999999999834,1002.0,1
2.025716798155066,9.869999999999834,1003.0,1
2.0254686279474097,9.869999999999834,1004.0,1
2.02522061556337,9.869999999999834,1005.0,1
2.02497276102715,9.869999999999834,1006.0,1
2.0247250643652177,9.859999999999834,1007.0,1
2.0244775255940892,9.859999999999834,1008.0,1
2.0242301447404274,9.859999999999834,1009.0,1
2.023982921820932,9.859999999999834,1010.0,1
2.0237358568564146,9.859999999999834,1011.0,1
2.023488949866258,9.859999999999834,1012.0,1
2.023242200860712,9.859999999999834,1013.0,1
2.0229956098628366,9.859999999999834,1014.0,1
2.022749176882358,9.859999999999834,1015.0,1
2.022502901934734,9.849999999999834,1016.0,1
2.022256785031365,9.849999999999834,1017.0,1
2.0220108261844194,9.849999999999834,1018.0,1
2.0217650254035537,9.849999999999834,1019.0,1
2.0215193826963924,9.849999999999834,1020.0,1
2.0212738980744507,9.849999999999834,1021.0,1
2.0210285715393663,9.849999999999834,1022.0,1
2.020783403102634,9.849999999999834,1023.0,1
2.0205383927675244,9.849999999999834,1024.0,1
2.020293540534271,9.849999999999834,1025.0,1
2.020048846410575,9.839999999999835,1026.0,1
2.0198043103970416,9.839999999999835,1027.0,1
2.0195599324927356,9.839999999999835,1028.0,1
2.0193157126995227,9.839999999999835,1029.0,1
2.0190716510154885,9.839999999999835,1030.0,1
2.018827747439843,9.839999999999835,1031.0,1
2.018584001966713,9.839999999999835,1032.0,1
2.0183404145945834,9.839999999999835,1033.0,1
2.0180969853194703,9.839999999999835,1034.0,1
2.017853714132948,9.829999999999835,1035.0,1
2.01761060102763,9.829999999999835,1036.0,1
2.0173676459998684,9.829999999999835,1037.0,1
2.0171248490356155,9.829999999999835,1038.0,1
2.0168822101292188,9.829999999999835,1039.0,1
2.016639729269969,9.829999999999835,1040.0,1
2.01639740644531,9.829999999999835,1041.0,1
2.016155241643191,9.829999999999835,1042.0,1
2.0159132348524262,9.829999999999835,1043.0,1
2.0156713860542865,9.829999999999835,1044.0,1
2.015429695238445,9.819999999999835,1045.0,1
2.015188162387245,9.819999999999835,1046.0,1
2.0149467874838622,9.819999999999835,1047.0,1
2.0147055705118695,9.819999999999835,1048.0,1
2.014464511451305,9.819999999999835,1049.0,1
2.014223610285089,9.819999999999835,1050.0,1
2.0139828669913173,9.819999999999835,1051.0,1
2.013742281550576,9.819999999999835,1052.0,1
2.0135018539404075,9.819999999999835,1053.0,1
2.0132615841387547,9.819999999999835,1054.0,1
2.013021472124424,9.809999999999835,1055.0,1
2.0127815178681843,9.809999999999835,1056.0,1
2.0125417213485255,9.809999999999835,1057.0,1
2.012302082539342,9.809999999999835,1058.0,1
2.0120626014129157,9.809999999999835,1059.0,1
2.0118232779466334,9.809999999999835,1060.0,1
2.0115841121057474,9.809999999999835,1061.0,1
2.0113451038668373,9.809999999999835,1062.0,1
2.011106253198696,9.809999999999835,1063.0,1
2.0108675600711607,9.809999999999835,1064.0,1
2.010629024454058,9.799999999999836,1065.0,1
2.0103906463118624,9.799999999999836,1066.0,1
2.010152425616582,9.799999999999836,1067.0,1
2.0099143623329754,9.799999999999836,1068.0,1
2.0096764564279614,9.799999999999836,1069.0,1
2.0094387078661344,9.799999999999836,1070.0,1
2.00920111661275,9.799999999999836,1071.0,1
2.0089636826316557,9.799999999999836,1072.0,1
2.0087264058854792,9.799999999999836,1073.0,1
2.0084892863371815,9.799999999999836,1074.0,1
2.0082523239486867,9.789999999999836,1075.0,1
2.0080155186839628,9.789999999999836,1076.0,1
2.007778870496188,9.789999999999836,1077.0,1
2.00754237935403,9.789999999999836,1078.0,1
2.007306045208134,9.789999999999836,1079.0,1
2.0070698680233003,9.789999999999836,1080.0,1
2.006833847756598,9.789999999999836,1081.0,1
2.006597984361319,9.789999999999836,1082.0,1
2.0063622778002945,9.789999999999836,1083.0,1
2.0061267280220796,9.789999999999836,1084.0,1
2.0058913349897614,9.779999999999836,1085.0,1
2.0056560986493697,9.779999999999836,1086.0,1
2.0054210189617465,9.779999999999836,1087.0,1
2.0051860958800325,9.779999999999836,1088.0,1
2.0049513293524943,9.779999999999836,1089.0,1
2.0047167193354802,9.779999999999836,1090.0,1
2.0044822657768306,9.779999999999836,1091.0,1
2.004247968631161,9.779999999999836,1092.0,1
2.004013827847889,9.779999999999836,1093.0,1
2.003779843376899,9.779999999999836,1094.0,1
2.003546015164413,9.779999999999836,1095.0,1
2.0033123431631967,9.769999999999836,1096.0,1
2.0030788273194746,9.769999999999836,1097.0,1
2.0028454675804253,9.769999999999836,1098.0,1
2.0026122638954442,9.769999999999836,1099.0,1
2.002379216205948,9.769999999999836,1100.0,1
2.0021463244613367,9.769999999999836,1101.0,1
2.0019135886067936,9.769999999999836,1102.0,1
2.001681008586423,9.769999999999836,1103.0,1
2.0014485843443355,9.769999999999836,1104.0,1
2.0012163158236214,9.769999999999836,1105.0,1
2.0009842029683638,9.759999999999836,1106.0,1
2.000752245722108,9.759999999999836,1107.0,1
2.0005204440231292,9.759999999999836,1108.0,1
2.000288797815428,9.759999999999836,1109.0,1
2.0000573070402536,9.759999999999836,1110.0,1
1.9998259716379103,9.759999999999836,1111.0,1
1.999594791547899,9.759999999999836,1112.0,1
1.9993637667099107,9.759999999999836,1113.0,1
1.9991328970650004,9.759999999999836,1114.0,1
1.9989021825470663,9.759999999999836,1115.0,1
1.9986716230947688,9.759999999999836,1116.0,1
1.9984412186504197,9.749999999999837,1117.0,1
1.9982109691472196,9.749999999999837,1118.0,1
1.997980874521044,9.749999999999837,1119.0,1
1.9977509347103959,9.749999999999837,1120.0,1
1.9975211496493273,9.749999999999837,1121.0,1
1.9972915192748555,9.749999999999837,1122.0,1
1.9970620435204867,9.749999999999837,1123.0,1
1.996832722316514,9.749999999999837,1124.0,1
1.9966035556047605,9.749999999999837,1125.0,1
1.9963745433094269,9.749999999999837,1126.0,1
1.996145685371632,9.739999999999837,1127.0,1
1.9959169817193914,9.739999999999837,1128.0,1
1.9956884322825765,9.739999999999837,1129.0,1
1.995460036997291,9.739999999999837,1130.0,1
1.9952317957930086,9.739999999999837,1131.0,1
1.9950037086018935,9.739999999999837,1132.0,1
1.9947757753489734,9.739999999999837,1133.0,1
1.9945479959693486,9.739999999999837,1134.0,1
1.9943203703918886,9.739999999999837,1135.0,1
1.9940928985411122,9.739999999999837,1136.0,1
1.993865580350626,9.739999999999837,1137.0,1
1.9936384157479,9.729999999999837,1138.0,1
1.9934114046566294,9.729999999999837,1139.0,1
1.9931845470102953,9.729999999999837,1140.0,1
1.9929578427282941,9.729999999999837,1141.0,1
1.9927312917438822,9.729999999999837,1142.0,1
1.9925048939805432,9.729999999999837,1143.0,1
1.9922786493644842,9.729999999999837,1144.0,1
1.9920525578211357,9.729999999999837,1145.0,1
1.9918266192756917,9.729999999999837,1146.0,1
1.9916008336515398,9.729999999999837,1147.0,1
1.9913752008753562,9.729999999999837,1148.0,1
1.991149720867496,9.719999999999837,1149.0,1
1.9909243935534302,9.719999999999837,1150.0,1
1.9906992188592654,9.719999999999837,1151.0,1
1.9904741967018464,9.719999999999837,1152.0,1
1.9902493270075785,9.719999999999837,1153.0,1
1.990024609698227,9.719999999999837,1154.0,1
1.9898000446952293,9.719999999999837,1155.0,1
1.989575631920423,9.719999999999837,1156.0,1
1.9893513712945132,9.719999999999837,1157.0,1
1.9891272627377274,9.719999999999837,1158.0,1
1.9889033061689774,9.719999999999837,1159.0,1
1.9886795015117578,9.709999999999837,1160.0,1
1.988455848682873,9.709999999999837,1161.0,1
1.9882323476034998,9.709999999999837,1162.0,1
1.9880089981926294,9.709999999999837,1163.0,1
1.9877858003677351,9.709999999999837,1164.0,1
1.9875627540511795,9.709999999999837,1165.0,1
1.9873398591542455,9.709999999999837,1166.0,1
1.9871171155985903,9.709999999999837,1167.0,1
1.9868945233023594,9.709999999999837,1168.0,1
1.9866720821827997,9.709999999999837,1169.0,1
1.9864497921550013,9.709999999999837,1170.0,1
1.9862276531362115,9.699999999999838,1171.0,1
1.9860056650433011,9.699999999999838,1172.0,1
1.985783827791886,9.699999999999838,1173.0,1
1.9855621412973996,9.699999999999838,1174.0,1
1.9853406054761886,9.699999999999838,1175.0,1
1.985119220241863,9.699999999999838,1176.0,1
1.984897985509887,9.699999999999838,1177.0,1
1.9846769011966419,9.699999999999838,1178.0,1
1.9844559672116346,9.699999999999838,1179.0,1
1.984235183473637,9.699999999999838,1180.0,1
1.98401454989535,9.699999999999838,1181.0,1
1.983794066388087,9.699999999999838,1182.0,1
1.9835737328642722,9.689999999999838,1183.0,1
1.9833535492409542,9.689999999999838,1184.0,1
1.9831335154287064,9.689999999999838,1185.0,1
1.9829136313399098,9.689999999999838,1186.0,1
1.982693896886206,9.689999999999838,1187.0,1
1.9824743119817585,9.689999999999838,1188.0,1
1.982254876531964,9.689999999999838,1189.0,1
1.9820355904544222,9.689999999999838,1190.0,1
1.9818164536586567,9.689999999999838,1191.0,1
1.9815974660555928,9.689999999999838,1192.0,1
1.9813786275531524,9.689999999999838,1193.0,1
1.981159938065689,9.679999999999838,1194.0,1
1.9809413975024424,9.679999999999838,1195.0,1
1.980723005769646,9.679999999999838,1196.0,1
1.980504762779587,9.679999999999838,1197.0,1
1.9802866684426808,9.679999999999838,1198.0,1
1.9800687226672482,9.679999999999838,1199.0,1
1.9798509253620928,9.679999999999838,1200.0,1
1.979633276435589,9.679999999999838,1201.0,1
1.979415775796995,9.679999999999838,1202.0,1
1.9791984233538387,9.679999999999838,1203.0,1
1.9789812190144163,9.679999999999838,1204.0,1
1.9787641626870462,9.679999999999838,1205.0,1
1.9785472542797402,9.669999999999838,1206.0,1
1.9783304936982857,9.669999999999838,1207.0,1
1.9781138808500254,9.669999999999838,1208.0,1
1.9778974156447025,9.669999999999838,1209.0,1
1.9776810979849813,9.669999999999838,1210.0,1
1.977464927782953,9.669999999999838,1211.0,1
1.977248904938827,9.669999999999838,1212.0,1
1.977033029361233,9.669999999999838,1213.0,1
1.9768173009583516,9.669999999999838,1214.0,1
1.976601719633756,9.669999999999838,1215.0,1
1.9763862852916412,9.669999999999838,1216.0,1
1.976170997840369,9.669999999999838,1217.0,1
1.9759558571847904,9.659999999999838,1218.0,1
1.9757408632291713,9.659999999999838,1219.0,1
1.9755260158781278,9.659999999999838,1220.0,1
1.9753113150389172,9.659999999999838,1221.0,1
1.9750967606115573,9.659999999999838,1222.0,1
1.9748823525019192,9.659999999999838,1223.0,1
1.974668090615629,9.659999999999838,1224.0,1
1.9744539748551333,9.659999999999838,1225.0,1
1.9742400051257856,9.659999999999838,1226.0,1
1.9740261813312348,9.659999999999838,1227.0,1
1.9738125033718463,9.659999999999838,1228.0,1
1.9735989711556796,9.659999999999838,1229.0,1
1.973385584580241,9.649999999999839,1230.0,1
1.9731723435534738,9.649999999999839,1231.0,1
1.9729592479770746,9.649999999999839,1232.0,1
1.9727462977518304,9.649999999999839,1233.0,1
1.9725334927795324,9.649999999999839,1234.0,1
1.9723208329668054,9.649999999999839,1235.0,1
1.972108318210516,9.649999999999839,1236.0,1
1.971895948418719,9.649999999999839,1237.0,1
1.9716837234877012,9.649999999999839,1238.0,1
1.9714716433217303,9.649999999999839,1239.0,1
1.971259707820434,9.649999999999839,1240.0,1
1.9710479168902049,9.649999999999839,1241.0,1
1.9708362704259192,9.639999999999839,1242.0,1
1.970624768332252,9.639999999999839,1243.0,1
1.9704134105107542,9.639999999999839,1244.0,1
1.9702021968610581,9.639999999999839,1245.0,1
1.9699911272849924,9.639999999999839,1246.0,1
1.969780201680596,9.639999999999839,1247.0,1
1.9695694199516154,9.639999999999839,1248.0,1
1.9693587819935074,9.639999999999839,1249.0,1
1.9691482877125832,9.639999999999839,1250.0,1
1.9689379370058853,9.639999999999839,1251.0,1
1.9687277297716115,9.639999999999839,1252.0,1
1.9685176659116228,9.639999999999839,1253.0,1
1.9683077453265982,9.62999999999984,1254.0,1
1.9680979679144535,9.62999999999984,1255.0,1
1.9678883335746316,9.62999999999984,1256.0,1
1.9676788422078184,9.62999999999984,1257.0,1
1.9674694937113575,9.62999999999984,1258.0,1
1.9672602879859618,9.62999999999984,1259.0,1
1.9670512249295897,9.62999999999984,1260.0,1
1.9668423044421584,9.62999999999984,1261.0,1
1.966633526421594,9.62999999999984,1262.0,1
1.9664248907652249,9.62999999999984,1263.0,1
1.9662163973740812,9.62999999999984,1264.0,1
1.9660080461455145,9.62999999999984,1265.0,1
1.9657998369778549,9.61999999999984,1266.0,1
1.9655917697693883,9.61999999999984,1267.0,1
1.9653838444200034,9.61999999999984,1268.0,1
1.9651760608222626,9.61999999999984,1269.0,1
1.9649684188810506,9.61999999999984,1270.0,1
1.964760918488402,9.61999999999984,1271.0,1
1.9645535595466055,9.61999999999984,1272.0,1
1.9643463419485432,9.61999999999984,1273.0,1
1.9641392655978398,9.61999999999984,1274.0,1
1.9639323303852698,9.61999999999984,1275.0,1
1.963725536212705,9.61999999999984,1276.0,1
1.9635188829761807,9.61999999999984,1277.0,1
1.9633123705725497,9.61999999999984,1278.0,1
1.963105998901654,9.60999999999984,1279.0,1
1.9628997678552473,9.60999999999984,1280.0,1
1.9626936773325212,9.60999999999984,1281.0,1
1.9624877272314383,9.60999999999984,1282.0,1
1.962281917448961,9.60999999999984,1283.0,1
1.9620762478800207,9.60999999999984,1284.0,1
1.9618707184224156,9.60999999999984,1285.0,1
1.9616653289733896,9.60999999999984,1286.0,1
1.9614600794269679,9.60999999999984,1287.0,1
1.9612549696808874,9.60999999999984,1288.0,1
1.9610499996326383,9.60999999999984,1289.0,1
1.9608451691757285,9.60999999999984,1290.0,1
1.9606404782089486,9.60999999999984,1291.0,1
1.9604359266271498,9.59999999999984,1292.0,1
1.9602315143263678,9.59999999999984,1293.0,1
1.960027241201933,9.59999999999984,1294.0,1
1.959823107151184,9.59999999999984,1295.0,1
1.9596191120677842,9.59999999999984,1296.0,1
1.9594152558496292,9.59999999999984,1297.0,1
1.9592115383931221,9.59999999999984,1298.0,1
1.959007959589923,9.59999999999984,1299.0,1
1.9588045193380317,9.59999999999984,1300.0,1
1.9586012175338727,9.59999999999984,1301.0,1
1.9583980540718582,9.59999999999984,1302.0,1
1.958195028849286,9.59999999999984,1303.0,1
1.957992141755787,9.58999999999984,1304.0,1
1.9577893926921142,9.58999999999984,1305.0,1
1.9575867815524004,9.58999999999984,1306.0,1
1.9573843082312106,9.58999999999984,1307.0,1
1.957181972622344,9.58999999999984,1308.0,1
1.9569797746230806,9.58999999999984,1309.0,1
1.9567777141293872,9.58999999999984,1310.0,1
1.9565757910308812,9.58999999999984,1311.0,1
1.9563740052272094,9.58999999999984,1312.0,1
1.956172356612529,9.58999999999984,1313.0,1
1.9559708450805668,9.58999999999984,1314.0,1
1.955769470527047,9.58999999999984,1315.0,1
1.9555682328469497,9.58999999999984,1316.0,1
1.9553671319331913,9.58999999999984,1317.0,1
1.955166167681363,9.57999999999984,1318.0,1
1.9549653399888265,9.57999999999984,1319.0,1
1.954764648743771,9.57999999999984,1320.0,1
1.9545640938461284,9.57999999999984,1321.0,1
1.9543636751886715,9.57999999999984,1322.0,1
1.954163392666059,9.57999999999984,1323.0,1
1.9539632461729708,9.57999999999984,1324.0,1
1.9537632356031227,9.57999999999984,1325.0,1
1.953563360851904,9.57999999999984,1326.0,1
1.9533636218115737,9.57999999999984,1327.0,1
1.9531640183800734,9.57999999999984,1328.0,1
1.9529645504465958,9.57999999999984,1329.0,1
1.9527652179102486,9.57999999999984,1330.0,1
1.9525660206622244,9.56999999999984,1331.0,1
1.9523669585959929,9.56999999999984,1332.0,1
1.9521680316102874,9.56999999999984,1333.0,1
1.9519692395929276,9.56999999999984,1334.0,1
1.9517705824431146,9.56999999999984,1335.0,1
1.9515720600536002,9.56999999999984,1336.0,1
1.9513736723170003,9.56999999999984,1337.0,1
1.9511754191301338,9.56999999999984,1338.0,1
1.9509773003822621,9.56999999999984,1339.0,1
1.9507793159715747,9.56999999999984,1340.0,1
1.9505814657912974,9.56999999999984,1341.0,1
1.9503837497344456,9.56999999999984,1342.0,1
1.9501861676954437,9.56999999999984,1343.0,1
1.9499887195671448,9.55999999999984,1344.0,1
1.9497914052452077,9.55999999999984,1345.0,1
1.9495942246226297,9.55999999999984,1346.0,1
1.9493971775930237,9.55999999999984,1347.0,1
1.9492002640517359,9.55999999999984,1348.0,1
1.9490034838907253,9.55999999999984,1349.0,1
1.9488068370035125,9.55999999999984,1350.0,1
1.9486103232837906,9.55999999999984,1351.0,1
1.9484139426296896,9.55999999999984,1352.0,1
1.948217694928584,9.55999999999984,1353.0,1
1.9480215800784326,9.55999999999984,1354.0,1
1.9478255979742423,9.55999999999984,1355.0,1
1.9476297485037544,9.55999999999984,1356.0,1
1.9474340315664425,9.55999999999984,1357.0,1
1.9472384470542652,9.54999999999984,1358.0,1
1.9470429948613077,9.54999999999984,1359.0,1
1.946847674880991,9.54999999999984,1360.0,1
1.9466524870043402,9.54999999999984,1361.0,1
1.9464574311294893,9.54999999999984,1362.0,1
1.9462625071488389,9.54999999999984,1363.0,1
1.9460677149544663,9.54999999999984,1364.0,1
1.9458730544415446,9.54999999999984,1365.0,1
1.9456785255039568,9.54999999999984,1366.0,1
1.9454841280344932,9.54999999999984,1367.0,1
1.9452898619291774,9.54999999999984,1368.0,1
1.9450957270769562,9.54999999999984,1369.0,1
1.944901723376104,9.54999999999984,1370.0,1
1.9447078507187356,9.539999999999841,1371.0,1
1.9445141089990163,9.539999999999841,1372.0,1
1.944320498110141,9.539999999999841,1373.0,1
1.9441270179459136,9.539999999999841,1374.0,1
1.9439336684005177,9.539999999999841,1375.0,1
1.9437404493695316,9.539999999999841,1376.0,1
1.9435473607421705,9.539999999999841,1377.0,1
1.9433544024146916,9.539999999999841,1378.0,1
1.9431615742806403,9.539999999999841,1379.0,1
1.9429688762350332,9.539999999999841,1380.0,1
1.942776308171546,9.539999999999841,1381.0,1
1.9425838699831688,9.539999999999841,1382.0,1
1.9423915615633607,9.539999999999841,1383.0,1
1.94219938280476,9.539999999999841,1384.0,1
1.9420073336043486,9.529999999999841,1385.0,1
1.9418154138547388,9.529999999999841,1386.0,1
1.9416236234501156,9.529999999999841,1387.0,1
1.941431962284505,9.529999999999841,1388.0,1
1.9412404302494284,9.529999999999841,1389.0,1
1.941049027239756,9.529999999999841,1390.0,1
1.9408577531517586,9.529999999999841,1391.0,1
1.940666607878462,9.529999999999841,1392.0,1
1.9404755913127236,9.529999999999841,1393.0,1
1.9402847033497161,9.529999999999841,1394.0,1
1.9400939438824016,9.529999999999841,1395.0,1
1.9399033128074388,9.529999999999841,1396.0,1
1.9397128100134957,9.529999999999841,1397.0,1
1.9395224353988456,9.529999999999841,1398.0,1
1.939332188857844,9.519999999999841,1399.0,1
1.9391420702829936,9.519999999999841,1400.0,1
1.9389520795688326,9.519999999999841,1401.0,1
1.9387622166110385,9.519999999999841,1402.0,1
1.9385724813000638,9.519999999999841,1403.0,1
1.938382873533453,9.519999999999841,1404.0,1
1.9381933932046285,9.519999999999841,1405.0,1
1.938004040207724,9.519999999999841,1406.0,1
1.937814814436918,9.519999999999841,1407.0,1
1.9376257157867494,9.519999999999841,1408.0,1
1.937436744151353,9.519999999999841,1409.0,1
1.9372478994252762,9.519999999999841,1410.0,1
1.9370591815035165,9.519999999999841,1411.0,1
1.9368705902785806,9.519999999999841,1412.0,1
1.9366821256467948,9.519999999999841,1413.0,1
1.936493787502024,9.509999999999842,1414.0,1
1.936305575739097,9.509999999999842,1415.0,1
1.9361174902521188,9.509999999999842,1416.0,1
1.9359295309369202,9.509999999999842,1417.0,1
1.9357416976846715,9.509999999999842,1418.0,1
1.9355539903947991,9.509999999999842,1419.0,1
1.9353664089567837,9.509999999999842,1420.0,1
1.9351789532694252,9.509999999999842,1421.0,1
1.934991623226361,9.509999999999842,1422.0,1
1.9348044187217135,9.509999999999842,1423.0,1
1.9346173396509843,9.509999999999842,1424.0,1
1.9344303859087677,9.509999999999842,1425.0,1
1.9342435573906276,9.509999999999842,1426.0,1
1.9340568539891385,9.509999999999842,1427.0,1
1.9338702756015629,9.499999999999842,1428.0,1
1.9336838221223596,9.499999999999842,1429.0,1
1.933497493446095,9.499999999999842,1430.0,1
1.9333112894678186,9.499999999999842,1431.0,1
1.9331252100842837,9.499999999999842,1432.0,1
1.932939255188387,9.499999999999842,1433.0,1
1.9327534246750757,9.499999999999842,1434.0,1
1.9325677184411894,9.499999999999842,1435.0,1
1.932382136381714,9.499999999999842,1436.0,1
1.9321966783915878,9.499999999999842,1437.0,1
1.9320113443662907,9.499999999999842,1438.0,1
1.9318261342012848,9.499999999999842,1439.0,1
1.9316410477912787,9.499999999999842,1440.0,1
1.9314560850324733,9.499999999999842,1441.0,1
1.9312712458207435,9.499999999999842,1442.0,1
1.9310865300514661,9.489999999999842,1443.0,1
1.9309019376177594,9.489999999999842,1444.0,1
1.930717468417455,9.489999999999842,1445.0,1
1.930533122346472,9.489999999999842,1446.0,1
1.9303488993000135,9.489999999999842,1447.0,1
1.9301647991745077,9.489999999999842,1448.0,1
1.9299808218650938,9.489999999999842,1449.0,1
1.9297969672662487,9.489999999999842,1450.0,1
1.9296132352765898,9.489999999999842,1451.0,1
1.9294296257905545,9.489999999999842,1452.0,1
1.929246138703184,9.489999999999842,1453.0,1
1.9290627739122863,9.489999999999842,1454.0,1
1.9288795313146672,9.489999999999842,1455.0,1
1.9286964108023013,9.489999999999842,1456.0,1
1.9285134122768828,9.489999999999842,1457.0,1
1.928330535629244,9.479999999999842,1458.0,1
1.928147780758772,9.479999999999842,1459.0,1
1.9279651475625674,9.479999999999842,1460.0,1
1.927782635935182,9.479999999999842,1461.0,1
1.927600245771533,9.479999999999842,1462.0,1
1.9274179769718036,9.479999999999842,1463.0,1
1.9272358294298908,9.479999999999842,1464.0,1
1.9270538030453583,9.479999999999842,1465.0,1
1.9268718977096135,9.479999999999842,1466.0,1
1.926690113323204,9.479999999999842,1467.0,1
1.9265084497823004,9.479999999999842,1468.0,1
1.926326906983536,9.479999999999842,1469.0,1
1.9261454848247657,9.479999999999842,1470.0,1
1.9259641831987933,9.479999999999842,1471.0,1
1.9257830020069633,9.479999999999842,1472.0,1
1.9256019411445748,9.469999999999843,1473.0,1
1.9254210005089747,9.469999999999843,1474.0,1
1.925240179997795,9.469999999999843,1475.0,1
1.925059479504723,9.469999999999843,1476.0,1
1.924878898931396,9.469999999999843,1477.0,1
1.92469843817444,9.469999999999843,1478.0,1
1.9245180971266598,9.469999999999843,1479.0,1
1.9243378756917513,9.469999999999843,1480.0,1
1.9241577737614075,9.469999999999843,1481.0,1
1.923977791238103,9.469999999999843,1482.0,1
1.9237979280155717,9.469999999999843,1483.0,1
1.9236181839930395,9.469999999999843,1484.0,1
1.9234385590680594,9.469999999999843,1485.0,1
1.923259053139761,9.469999999999843,1486.0,1
1.9230796661019793,9.469999999999843,1487.0,1
1.9229003978563222,9.459999999999843,1488.0,1
1.9227212482990055,9.459999999999843,1489.0,1
1.922542217325591,9.459999999999843,1490.0,1
1.922363304839494,9.459999999999843,1491.0,1
1.9221845107338713,9.459999999999843,1492.0,1
1.9220058349102134,9.459999999999843,1493.0,1
1.9218272772651948,9.459999999999843,1494.0,1
1.9216488376958056,9.459999999999843,1495.0,1
1.9214705161022105,9.459999999999843,1496.0,1
1.9212923123823489,9.459999999999843,1497.0,1
1.921114226434016,9.459999999999843,1498.0,1
1.9209362581561709,9.459999999999843,1499.0,1
1.9207584074474373,9.459999999999843,1500.0,1
