Mass,Radius,Pressure,Type
0.00905265402220882,1.8400000000000014,1.5,1
0.009989516041725289,1.9000000000000015,1.6,1
0.010953942805425854,1.9600000000000015,1.7000000000000002,1
0.011944788862251704,2.020000000000001,1.8000000000000003,1
0.012961002625572487,2.0799999999999996,1.9000000000000004,1
0.014001613760926462,2.1299999999999986,2.0000000000000004,1
0.015065722873251976,2.1799999999999975,2.1000000000000005,1
0.016152492958907166,2.2299999999999964,2.2000000000000006,1
0.017261142262357136,2.2799999999999954,2.3000000000000007,1
0.018390938232340455,2.3299999999999943,2.400000000000001,1
0.019541192405815158,2.3799999999999932,2.500000000000001,1
0.02071125600066585,2.429999999999992,2.600000000000001,1
0.021900516129329837,2.4699999999999913,2.700000000000001,1
0.02310839249458577,2.5199999999999902,2.800000000000001,1
0.024334334608868007,2.5599999999999894,2.9000000000000012,1
0.025577818911409148,2.5999999999999885,3.0000000000000013,1
0.026838347069047815,2.6399999999999877,3.1000000000000014,1
0.028115443648379843,2.679999999999987,3.2000000000000015,1
0.029408654459231853,2.719999999999986,3.3000000000000016,1
0.030717544975662037,2.759999999999985,3.4000000000000017,1
0.03204169892374079,2.7999999999999843,3.5000000000000018,1
0.03338071702366537,2.8399999999999834,3.600000000000002,1
0.03473421585022665,2.8799999999999826,3.700000000000002,1
0.036101826787935075,2.9199999999999817,3.800000000000002,1
0.0374831950970866,2.949999999999981,3.900000000000002,1
0.03887797905049593,2.9899999999999802,4.000000000000002,1
0.04028584916744565,3.0199999999999796,4.100000000000002,1
0.04170648748487941,3.0599999999999787,4.200000000000003,1
0.043139586894869034,3.089999999999978,4.3000000000000025,1
0.04458485056141935,3.1299999999999772,4.400000000000002,1
0.04604199135221758,3.1599999999999766,4.500000000000003,1
0.04751073132130404,3.189999999999976,4.600000000000003,1
0.048990801250202866,3.229999999999975,4.700000000000003,1
0.050481940191523515,3.2599999999999745,4.8000000000000025,1
0.05198389507027982,3.289999999999974,4.900000000000003,1
0.053496420294246325,3.319999999999973,5.0,1
0.06915372439403498,3.619999999999967,6.0,1
0.08564239958659058,3.8799999999999613,7.0,1
0.10280114375485307,4.119999999999957,8.0,1
0.12050067153743341,4.339999999999952,9.0,1
0.13863509486960576,4.549999999999947,10.0,1
0.15711629627789164,4.739999999999943,11.0,1
0.17587005499473665,4.9199999999999395,12.0,1
0.19483326763472827,5.089999999999936,13.0,1
0.21395188721950453,5.2499999999999325,14.0,1
0.23317935480895607,5.399999999999929,15.0,1
0.25247537207747145,5.539999999999926,16.0,1
0.27180493916846793,5.6699999999999235,17.0,1
0.29113756870216545,5.799999999999921,18.0,1
0.3104466489442564,5.919999999999918,19.0,1
0.3297089166242786,6.039999999999916,20.0,1
0.34890401718090225,6.149999999999913,21.0,1
0.36801413445163156,6.259999999999911,22.0,1
0.3870236765546419,6.359999999999909,23.0,1
0.40591900758379384,6.459999999999907,24.0,1
0.4246882170225706,6.559999999999905,25.0,1
0.4433209205461482,6.649999999999903,26.0,1
0.4618080870244129,6.729999999999901,27.0,1
0.480141887748189,6.819999999999899,28.0,1
0.4983155643666752,6.899999999999897,29.0,1
0.5163233128771788,6.979999999999896,30.0,1
0.5341601813702969,7.059999999999894,31.0,1
0.5518219796665189,7.129999999999892,32.0,1
0.5693051991582849,7.199999999999891,33.0,1
0.5866069416307524,7.269999999999889,34.0,1
0.6037248558624569,7.339999999999888,35.0,1
0.6206570810083757,7.399999999999887,36.0,1
0.637402196031441,7.459999999999885,37.0,1
0.6539591743773067,7.519999999999884,38.0,1
0.670327343338883,7.579999999999883,39.0,1
0.6865063474984388,7.6399999999998816,40.0,1
0.7024961159141143,7.6899999999998805,41.0,1
0.7182968324788056,7.749999999999879,42.0,1
0.7339089092740751,7.799999999999878,43.0,1
0.7493329624638972,7.849999999999877,44.0,1
0.7645697905129808,7.899999999999876,45.0,1
0.7796203545506294,7.949999999999875,46.0,1
0.7944857605227239,7.989999999999874,47.0,1
0.80916724307712,8.039999999999873,48.0,1
0.8236661509571207,8.079999999999872,49.0,1
0.8379839337455521,8.129999999999871,50.0,1
0.8521221298641889,8.16999999999987,51.0,1
0.8660823556398183,8.20999999999987,52.0,1
0.8798662954514723,8.249999999999869,53.0,1
0.8934756927346795,8.289999999999868,54.0,1
0.9069123418126762,8.319999999999867,55.0,1
0.9201780805315347,8.359999999999866,56.0,1
0.9332747835047412,8.399999999999865,57.0,1
0.946204356029499,8.429999999999865,58.0,1
0.9589687285466585,8.469999999999864,59.0,1
0.9715698516171506,8.499999999999863,60.0,1
0.984009691351811,8.529999999999863,61.0,1
0.9962902253115734,8.559999999999862,62.0,1
1.0084134387316959,8.589999999999861,63.0,1
1.0203813211449877,8.61999999999986,64.0,1
1.0321958633131345,8.64999999999986,65.0,1
1.04385905446169,8.67999999999986,66.0,1
1.0553728797636164,8.709999999999859,67.0,1
1.0667393180968505,8.739999999999858,68.0,1
1.0779603400074529,8.769999999999857,69.0,1
1.0890379058817103,8.789999999999857,70.0,1
1.099973964304873,8.819999999999856,71.0,1
1.1107704506145992,8.839999999999856,72.0,1
1.121429285558957,8.869999999999855,73.0,1
1.1319523741668598,8.889999999999855,74.0,1
1.142341604693952,8.909999999999854,75.0,1
1.1525988477107802,8.939999999999854,76.0,1
1.1627259607915132,8.959999999999853,77.0,1
1.172724765957242,8.979999999999853,78.0,1
1.1825970817057923,8.999999999999853,79.0,1
1.192344700823604,9.019999999999852,80.0,1
1.2019693953147101,9.049999999999851,81.0,1
1.21147291604192,9.069999999999851,82.0,1
1.2208569924029968,9.08999999999985,83.0,1
1.2301233320649885,9.09999999999985,84.0,1
1.239273620766981,9.11999999999985,85.0,1
1.2483095221852751,9.13999999999985,86.0,1
1.2572326777956149,9.15999999999985,87.0,1
1.2660447068213898,9.179999999999849,88.0,1
1.2747472061904845,9.199999999999848,89.0,1
1.2833417505472702,9.209999999999848,90.0,1
1.2918298922730906,9.229999999999848,91.0,1
1.3002131615541306,9.249999999999847,92.0,1
1.3084930664552943,9.259999999999847,93.0,1
1.3166710930298278,9.279999999999847,94.0,1
1.3247487054517402,9.289999999999846,95.0,1
1.3327273461533793,9.309999999999846,96.0,1
1.340608435975028,9.319999999999846,97.0,1
1.3483933743739545,9.339999999999845,98.0,1
1.356083539571404,9.349999999999845,99.0,1
1.3636802887816717,9.359999999999845,100.0,1
1.3711849584038365,9.379999999999844,101.0,1
1.3785988642561327,9.389999999999844,102.0,1
1.3859233017882637,9.399999999999844,103.0,1
1.3931595463280049,9.419999999999844,104.0,1
1.4003088533100292,9.429999999999843,105.0,1
1.4073724585261917,9.439999999999843,106.0,1
1.4143515783744323,9.449999999999843,107.0,1
1.4212474101111903,9.469999999999843,108.0,1
1.4280611321033967,9.479999999999842,109.0,1
1.4347939040855469,9.489999999999842,110.0,1
1.4414468674284373,9.499999999999842,111.0,1
1.4480211453867646,9.509999999999842,112.0,1
1.4545178433684733,9.519999999999841,113.0,1
1.460938049192202,9.529999999999841,114.0,1
1.4672828333492014,9.539999999999841,115.0,1
1.473553249269549,9.54999999999984,116.0,1
1.4797503335636932,9.55999999999984,117.0,1
1.4858751063122566,9.56999999999984,118.0,1
1.4919285712959147,9.57999999999984,119.0,1
1.4979117162626927,9.58999999999984,120.0,1
1.5038255131790565,9.59999999999984,121.0,1
1.509670918491407,9.60999999999984,122.0,1
1.5154488733584135,9.61999999999984,123.0,1
1.5211603039131507,9.62999999999984,124.0,1
1.5268061215120166,9.639999999999839,125.0,1
1.5323872229585866,9.649999999999839,126.0,1
1.537904490760231,9.649999999999839,127.0,1
1.543358793358527,9.659999999999838,128.0,1
1.548750985364507,9.669999999999838,129.0,1
1.5540819077933192,9.679999999999838,130.0,1
1.5593523882867357,9.679999999999838,131.0,1
1.5645632413467994,9.689999999999838,132.0,1
1.5697152685492584,9.699999999999838,133.0,1
1.5748092587695468,9.709999999999837,134.0,1
1.5798459883965879,9.709999999999837,135.0,1
1.5848262215526288,9.719999999999837,136.0,1
1.589750710277257,9.729999999999837,137.0,1
1.5946201947793386,9.729999999999837,138.0,1
1.5994354036025753,9.739999999999837,139.0,1
1.6041970538311618,9.749999999999837,140.0,1
1.6089058513100312,9.749999999999837,141.0,1
1.613562490807888,9.759999999999836,142.0,1
1.618167656239317,9.769999999999836,143.0,1
1.6227220208242585,9.769999999999836,144.0,1
1.6272262472927774,9.779999999999836,145.0,1
1.6316809880555887,9.779999999999836,146.0,1
1.6360868853889827,9.789999999999836,147.0,1
1.640444571608628,9.789999999999836,148.0,1
1.644754669241271,9.799999999999836,149.0,1
1.649017791192124,9.809999999999835,150.0,1
1.6532345409195235,9.809999999999835,151.0,1
1.6574055125898868,9.819999999999835,152.0,1
1.6615312912433153,9.819999999999835,153.0,1
1.665612452951316,9.829999999999835,154.0,1
1.6696495649735605,9.829999999999835,155.0,1
1.673643185908232,9.829999999999835,156.0,1
1.6775938658367975,9.839999999999835,157.0,1
1.6815021464876907,9.839999999999835,158.0,1
1.6853685613570062,9.849999999999834,159.0,1
1.6891936358788866,9.849999999999834,160.0,1
1.6929778875332082,9.859999999999834,161.0,1
1.6967218260137311,9.859999999999834,162.0,1
1.7004259533332338,9.869999999999834,163.0,1
1.7040907639827825,9.869999999999834,164.0,1
1.7077167450419881,9.869999999999834,165.0,1
1.7113043763126539,9.879999999999834,166.0,1
1.7148541304449865,9.879999999999834,167.0,1
1.7183664730576682,9.879999999999834,168.0,1
1.7218418628582761,9.889999999999834,169.0,1
1.725280751764165,9.889999999999834,170.0,1
1.7286835850154016,9.899999999999833,171.0,1
1.7320508012898488,9.899999999999833,172.0,1
1.7353828328166376,9.899999999999833,173.0,1
1.7386801054756538,9.909999999999833,174.0,1
1.7419430389261823,9.909999999999833,175.0,1
1.7451720466911795,9.909999999999833,176.0,1
1.748367536266155,9.909999999999833,177.0,1
1.7515299092342442,9.919999999999833,178.0,1
1.754659561350454,9.919999999999833,179.0,1
1.7577568826442376,9.919999999999833,180.0,1
1.7608222575186652,9.929999999999833,181.0,1
1.7638560648427497,9.929999999999833,182.0,1
1.7668586780424451,9.929999999999833,183.0,1
1.7698304651947085,9.929999999999833,184.0,1
1.7727717891201622,9.939999999999833,185.0,1
1.7756830074537664,9.939999999999833,186.0,1
1.7785644727537027,9.939999999999833,187.0,1
1.781416532576421,9.939999999999833,188.0,1
1.7842395295512519,9.949999999999832,189.0,1
1.7870338014736469,9.949999999999832,190.0,1
1.7897996813804071,9.949999999999832,191.0,1
1.7925374976207704,9.949999999999832,192.0,1
1.7952475739512868,9.959999999999832,193.0,1
1.7979302295947008,9.959999999999832,194.0,1
1.8005857793215818,9.959999999999832,195.0,1
1.803214533519623,9.959999999999832,196.0,1
1.805816798268666,9.959999999999832,197.0,1
1.8083928754102436,9.969999999999832,198.0,1
1.8109430626159375,9.969999999999832,199.0,1
1.8134676534445495,9.969999999999832,200.0,1
1.8159669374354646,9.969999999999832,201.0,1
1.8184412001457555,9.969999999999832,202.0,1
1.8208907232264648,9.979999999999832,203.0,1
1.8233157844886787,9.979999999999832,204.0,1
1.8257166579506752,9.979999999999832,205.0,1
1.8280936139188932,9.979999999999832,206.0,1
1.8304469190368002,9.979999999999832,207.0,1
1.8327768363321237,9.979999999999832,208.0,1
1.8350836253035714,9.979999999999832,209.0,1
1.8373675419376496,9.989999999999831,210.0,1
1.8396288388071909,9.989999999999831,211.0,1
1.8418677650902726,9.989999999999831,212.0,1
1.8440845666378731,9.989999999999831,213.0,1
1.8462794860316907,9.989999999999831,214.0,1
1.8484527626277913,9.989999999999831,215.0,1
1.850604632606038,9.989999999999831,216.0,1
1.8527353290200088,9.989999999999831,217.0,1
1.8548450818585673,9.999999999999831,218.0,1
1.8569341180742043,9.999999999999831,219.0,1
1.859002661643073,9.999999999999831,220.0,1
1.8610509336069347,9.999999999999831,221.0,1
1.863079152118194,9.999999999999831,222.0,1
1.8650875324870648,9.999999999999831,223.0,1
1.867076287221774,9.999999999999831,224.0,1
1.8690456260726918,9.999999999999831,225.0,1
1.8709957560792934,9.999999999999831,226.0,1
1.8729268816051678,9.999999999999831,227.0,1
1.8748392043814976,10.009999999999831,228.0,1
1.8767329235465227,10.009999999999831,229.0,1
1.8786082356847442,10.009999999999831,230.0,1
1.8804653348707197,10.009999999999831,231.0,1
1.8823044126983004,10.009999999999831,232.0,1
1.884125658325437,10.009999999999831,233.0,1
1.8859292585041534,10.009999999999831,234.0,1
1.8877153976239969,10.009999999999831,235.0,1
1.8894842577453628,10.009999999999831,236.0,1
1.8912360186239525,10.009999999999831,237.0,1
1.8929708577662245,10.009999999999831,238.0,1
1.8946889504434905,10.009999999999831,239.0,1
1.8963904697338938,10.009999999999831,240.0,1
1.8980755865542651,10.009999999999831,241.0,1
1.899744469690038,10.009999999999831,242.0,1
1.901397285831782,10.009999999999831,243.0,1
1.903034199592011,10.009999999999831,244.0,1
1.904655373560733,10.009999999999831,245.0,1
1.9062609683104645,10.009999999999831,246.0,1
1.9078511424371793,10.01999999999983,247.0,1
1.909426052590389,10.01999999999983,248.0,1
1.910985853496194,10.01999999999983,249.0,1
1.9125306979884118,10.01999999999983,250.0,1
1.914060737036851,10.01999999999983,251.0,1
1.9155761197701522,10.01999999999983,252.0,1
1.9170769935101966,10.01999999999983,253.0,1
1.9185635037818354,10.01999999999983,254.0,1
1.92003579436463,10.01999999999983,255.0,1
1.9214940072948001,10.01999999999983,256.0,1
1.9229382828959964,10.01999999999983,257.0,1
1.9243687598135668,10.01999999999983,258.0,1
1.9257855750277608,10.01999999999983,259.0,1
1.9271888638786308,10.01999999999983,260.0,1
1.9285787600944992,10.01999999999983,261.0,1
1.9299553958103126,10.01999999999983,262.0,1
1.9313189015936014,10.01999999999983,263.0,1
1.93266940646103,10.01999999999983,264.0,1
1.9340070379062733,10.01999999999983,265.0,1
1.9353319219198282,10.01999999999983,266.0,1
1.9366441830037833,10.01999999999983,267.0,1
1.9379439442044095,10.01999999999983,268.0,1
1.9392313271228845,10.01999999999983,269.0,1
1.9405064519375994,10.01999999999983,270.0,1
1.9417694374267376,10.01999999999983,271.0,1
1.9430204009829601,10.01999999999983,272.0,1
1.9442594586394202,10.01999999999983,273.0,1
1.9454867250779797,10.01999999999983,274.0,1
1.9467023136623216,10.01999999999983,275.0,1
1.9479063364414078,10.009999999999831,276.0,1
1.9490989041739806,10.009999999999831,277.0,1
1.9502801263478424,10.009999999999831,278.0,1
1.951450111199573,10.009999999999831,279.0,1
1.952608965721788,10.009999999999831,280.0,1
1.9537567956876611,10.009999999999831,281.0,1
1.954893705664921,10.009999999999831,282.0,1
1.9560197990330426,10.009999999999831,283.0,1
1.9571351780001982,10.009999999999831,284.0,1
1.958239943616645,10.009999999999831,285.0,1
1.9593341957878234,10.009999999999831,286.0,1
1.9604180333015815,10.009999999999831,287.0,1
1.961491553824999,10.009999999999831,288.0,1
1.9625548539411213,10.009999999999831,289.0,1
1.9636080291355518,10.009999999999831,290.0,1
1.9646511738448535,10.009999999999831,291.0,1
1.965684381439111,10.009999999999831,292.0,1
1.966707744252484,10.009999999999831,293.0,1
1.9677213535979585,10.009999999999831,294.0,1
1.96872529977575,10.009999999999831,295.0,1
1.9697196720821295,10.009999999999831,296.0,1
1.9707045588317385,10.009999999999831,297.0,1
1.971680047369669,10.009999999999831,298.0,1
1.972646224074542,10.009999999999831,299.0,1
1.9736031743861882,9.999999999999831,300.0,1
1.974550982801931,9.999999999999831,301.0,1
1.9754897329001033,9.999999999999831,302.0,1
1.9764195073463497,9.999999999999831,303.0,1
1.9773403879088898,9.999999999999831,304.0,1
1.9782524554680991,9.999999999999831,305.0,1
1.9791557900272483,9.999999999999831,306.0,1
1.9800504707286937,9.999999999999831,307.0,1
1.9809365758506747,9.999999999999831,308.0,1
1.9818141828428468,9.999999999999831,309.0,1
1.9826833683145655,9.999999999999831,310.0,1
1.9835442080527403,9.999999999999831,311.0,1
1.9843967770395505,9.999999999999831,312.0,1
1.985241149449336,9.999999999999831,313.0,1
1.9860773986685374,9.999999999999831,314.0,1
1.9869055973076954,9.989999999999831,315.0,1
1.987725817200308,9.989999999999831,316.0,1
1.9885381294235394,9.989999999999831,317.0,1
1.9893426042973499,9.989999999999831,318.0,1
1.9901393114059667,9.989999999999831,319.0,1
1.9909283195975112,9.989999999999831,320.0,1
1.9917096969968684,9.989999999999831,321.0,1
1.9924835110148489,9.989999999999831,322.0,1
1.9932498283558298,9.989999999999831,323.0,1
1.9940087150287105,9.989999999999831,324.0,1
1.9947602363548822,9.989999999999831,325.0,1
1.9955044569680782,9.989999999999831,326.0,1
1.9962414408432951,9.989999999999831,327.0,1
1.9969712512811957,9.979999999999832,328.0,1
1.99769395093556,9.979999999999832,329.0,1
1.998409601808986,9.979999999999832,330.0,1
1.9991182652641444,9.979999999999832,331.0,1
1.9998200020354129,9.979999999999832,332.0,1
2.0005148722328845,9.979999999999832,333.0,1
2.001202935350548,9.979999999999832,334.0,1
2.0018842502682057,9.979999999999832,335.0,1
2.002558875277309,9.979999999999832,336.0,1
2.0032268680609566,9.979999999999832,337.0,1
2.0038882857274554,9.979999999999832,338.0,1
2.004543184798648,9.969999999999832,339.0,1
2.005191621226096,9.969999999999832,340.0,1
2.0058336503949863,9.969999999999832,341.0,1
2.006469327131295,9.969999999999832,342.0,1
2.007098705709405,9.969999999999832,343.0,1
2.0077218398563783,9.969999999999832,344.0,1
2.008338782763092,9.969999999999832,345.0,1
2.008949587083818,9.969999999999832,346.0,1
2.0095543049492637,9.969999999999832,347.0,1
2.010152987967967,9.969999999999832,348.0,1
2.010745687236986,9.959999999999832,349.0,1
2.0113324533391492,9.959999999999832,350.0,1
2.011913336362989,9.959999999999832,351.0,1
2.0124883858986444,9.959999999999832,352.0,1
2.0130576510403104,9.959999999999832,353.0,1
2.0136211804009214,9.959999999999832,354.0,1
2.0141790221216316,9.959999999999832,355.0,1
2.0147312238571278,9.959999999999832,356.0,1
2.0152778328035,9.959999999999832,357.0,1
2.015818895692449,9.959999999999832,358.0,1
2.0163544587971156,9.949999999999832,359.0,1
2.0168845679397287,9.949999999999832,360.0,1
2.0174092684909968,9.949999999999832,361.0,1
2.017928605392147,9.949999999999832,362.0,1
2.018442623134523,9.949999999999832,363.0,1
2.018951365789843,9.949999999999832,364.0,1
2.0194548769909746,9.949999999999832,365.0,1
2.0199531999609546,9.949999999999832,366.0,1
2.020446377500095,9.949999999999832,367.0,1
2.020934451996685,9.949999999999832,368.0,1
2.021417465433501,9.939999999999833,369.0,1
2.0218954593916467,9.939999999999833,370.0,1
2.022368475046416,9.939999999999833,371.0,1
2.022836553189158,9.939999999999833,372.0,1
2.0232997342193695,9.939999999999833,373.0,1
2.023758058148986,9.939999999999833,374.0,1
2.0242115646125853,9.939999999999833,375.0,1
2.0246602928624546,9.939999999999833,376.0,1
2.025104281788989,9.939999999999833,377.0,1
2.0255435699076627,9.929999999999833,378.0,1
2.025978195370035,9.929999999999833,379.0,1
2.0264081959683997,9.929999999999833,380.0,1
2.0268336091449224,9.929999999999833,381.0,1
2.027254471984212,9.929999999999833,382.0,1
2.027670821224667,9.929999999999833,383.0,1
2.028082693262517,9.929999999999833,384.0,1
2.0284901241487416,9.929999999999833,385.0,1
2.028893149601098,9.919999999999833,386.0,1
2.0292918050065873,9.919999999999833,387.0,1
2.02968612542257,9.919999999999833,388.0,1
2.0300761455787333,9.919999999999833,389.0,1
2.030461899884353,9.919999999999833,390.0,1
2.030843422428549,9.919999999999833,391.0,1
2.031220746986867,9.919999999999833,392.0,1
2.0315939070219042,9.919999999999833,393.0,1
2.031962935693093,9.919999999999833,394.0,1
2.0323278658508417,9.909999999999833,395.0,1
2.0326887300446876,9.909999999999833,396.0,1
2.033045560524873,9.909999999999833,397.0,1
2.033398389250516,9.909999999999833,398.0,1
2.0337472478837872,9.909999999999833,399.0,1
2.034092167805527,9.909999999999833,400.0,1
2.0344331800986417,9.909999999999833,401.0,1
2.0347703155771293,9.909999999999833,402.0,1
2.0351036047688087,9.899999999999833,403.0,1
2.035433077927669,9.899999999999833,404.0,1
2.0357587650275266,9.899999999999833,405.0,1
2.036080695778997,9.899999999999833,406.0,1
2.036398899623772,9.899999999999833,407.0,1
2.036713405736113,9.899999999999833,408.0,1
2.0370242430296237,9.899999999999833,409.0,1
2.0373314401579345,9.899999999999833,410.0,1
2.0376350255188562,9.889999999999834,411.0,1
2.0379350272563204,9.889999999999834,412.0,1
2.038231473260781,9.889999999999834,413.0,1
2.038524391177655,9.889999999999834,414.0,1
2.0388138084037912,9.889999999999834,415.0,1
2.039099752095878,9.889999999999834,416.0,1
2.039382249162751,9.889999999999834,417.0,1
2.0396613262834467,9.889999999999834,418.0,1
2.039937009895408,9.889999999999834,419.0,1
2.040209326205862,9.879999999999834,420.0,1
2.040478301188585,9.879999999999834,421.0,1
2.040743960588644,9.879999999999834,422.0,1
2.0410063299284507,9.879999999999834,423.0,1
2.041265434504203,9.879999999999834,424.0,1
2.0415212993882217,9.879999999999834,425.0,1
2.0417739494338134,9.879999999999834,426.0,1
2.0420234092839404,9.869999999999834,427.0,1
2.042269703360037,9.869999999999834,428.0,1
2.042512855871712,9.869999999999834,429.0,1
2.042752890819443,9.869999999999834,430.0,1
2.042989831996128,9.869999999999834,431.0,1
2.0432237029857316,9.869999999999834,432.0,1
2.043454527170964,9.869999999999834,433.0,1
2.0436823277309997,9.869999999999834,434.0,1
2.0439071276447778,9.859999999999834,435.0,1
2.044128949694837,9.859999999999834,436.0,1
2.0443478164663946,9.859999999999834,437.0,1
2.044563750349335,9.859999999999834,438.0,1
2.0447767735458457,9.859999999999834,439.0,1
2.044986908063611,9.859999999999834,440.0,1
2.045194175725711,9.859999999999834,441.0,1
2.045398598165637,9.859999999999834,442.0,1
2.0456001968325968,9.849999999999834,443.0,1
2.045798992998479,9.849999999999834,444.0,1
2.045995007746311,9.849999999999834,445.0,1
2.046188261985623,9.849999999999834,446.0,1
2.0463787764493278,9.849999999999834,447.0,1
2.0465665716921815,9.849999999999834,448.0,1
2.0467516680942177,9.849999999999834,449.0,1
2.0469340858654137,9.849999999999834,450.0,1
2.0471138450486723,9.839999999999835,451.0,1
2.047290965509885,9.839999999999835,452.0,1
2.047465466957801,9.839999999999835,453.0,1
2.0476373689287235,9.839999999999835,454.0,1
2.0478066907991916,9.839999999999835,455.0,1
2.0479734517808446,9.839999999999835,456.0,1
2.048137670925986,9.839999999999835,457.0,1
2.048299367129362,9.839999999999835,458.0,1
2.048458559126703,9.829999999999835,459.0,1
2.048615265499283,9.829999999999835,460.0,1
2.048769504670956,9.829999999999835,461.0,1
2.0489212949162106,9.829999999999835,462.0,1
2.049070654357968,9.829999999999835,463.0,1
2.0492176009678618,9.829999999999835,464.0,1
2.049362152566236,9.829999999999835,465.0,1
2.049504326834563,9.819999999999835,466.0,1
2.04964414130067,9.819999999999835,467.0,1
2.049781613352845,9.819999999999835,468.0,1
2.0499167602345736,9.819999999999835,469.0,1
2.0500495990481404,9.819999999999835,470.0,1
2.050180146757272,9.819999999999835,471.0,1
2.0503084201848107,9.819999999999835,472.0,1
2.050434436016976,9.819999999999835,473.0,1
2.050558210804859,9.809999999999835,474.0,1
2.0506797609636003,9.809999999999835,475.0,1
2.05079910277619,9.809999999999835,476.0,1
2.0509162523909223,9.809999999999835,477.0,1
2.0510312258246746,9.809999999999835,478.0,1
2.0511440389700635,9.809999999999835,479.0,1
2.051254707587875,9.809999999999835,480.0,1
2.05136324730688,9.799999999999836,481.0,1
2.0514696736381137,9.799999999999836,482.0,1
2.051574001963901,9.799999999999836,483.0,1
2.0516762475373915,9.799999999999836,484.0,1
2.0517764254995794,9.799999999999836,485.0,1
2.0518745508628453,9.799999999999836,486.0,1
2.0519706385211873,9.799999999999836,487.0,1
2.052064703249227,9.799999999999836,488.0,1
2.052156759704904,9.789999999999836,489.0,1
2.0522468224245083,9.789999999999836,490.0,1
2.0523349058354206,9.789999999999836,491.0,1
2.0524210242424905,9.789999999999836,492.0,1
2.0525051918438115,9.789999999999836,493.0,1
2.052587422722373,9.789999999999836,494.0,1
2.0526677308474652,9.789999999999836,495.0,1
2.0527461300794156,9.779999999999836,496.0,1
2.052822634169301,9.779999999999836,497.0,1
2.0528972567586328,9.779999999999836,498.0,1
2.0529700113809817,9.779999999999836,499.0,1
2.053040911465335,9.779999999999836,500.0,1
2.0531099703325077,9.779999999999836,501.0,1
2.0531772012007927,9.779999999999836,502.0,1
2.0532426171830434,9.779999999999836,503.0,1
2.053306231290552,9.769999999999836,504.0,1
2.0533680564320536,9.769999999999836,505.0,1
2.0534281054154255,9.769999999999836,506.0,1
2.0534863909504355,9.769999999999836,507.0,1
2.053542925641417,9.769999999999836,508.0,1
2.0535977220049575,9.769999999999836,509.0,1
2.0536507924487295,9.769999999999836,510.0,1
2.053702149294557,9.759999999999836,511.0,1
2.053751804762973,9.759999999999836,512.0,1
2.0537997709773643,9.759999999999836,513.0,1
2.053846059974211,9.759999999999836,514.0,1
2.053890683691581,9.759999999999836,515.0,1
2.0539336539782655,9.759999999999836,516.0,1
2.053974982590187,9.759999999999836,517.0,1
2.054014681192279,9.759999999999836,518.0,1
2.0540527613622914,9.749999999999837,519.0,1
2.054089234585804,9.749999999999837,520.0,1
2.054124112262534,9.749999999999837,521.0,1
2.05415740570353,9.749999999999837,522.0,1
2.0541891261352627,9.749999999999837,523.0,1
2.0542192846972642,9.749999999999837,524.0,1
2.054247892440359,9.749999999999837,525.0,1
2.054274960337504,9.749999999999837,526.0,1
2.054300499273534,9.739999999999837,527.0,1
2.0543245200536733,9.739999999999837,528.0,1
2.054347033399035,9.739999999999837,529.0,1
2.054368049948489,9.739999999999837,530.0,1
2.0543875802632168,9.739999999999837,531.0,1
2.054405634822253,9.739999999999837,532.0,1
2.054422224022542,9.739999999999837,533.0,1
2.054437358191848,9.729999999999837,534.0,1
2.0544510475681523,9.729999999999837,535.0,1
2.0544633023212757,9.729999999999837,536.0,1
2.054474132542921,9.729999999999837,537.0,1
2.054483548242965,9.729999999999837,538.0,1
2.054491559366018,9.729999999999837,539.0,1
2.054498175769639,9.729999999999837,540.0,1
2.0545034072505812,9.729999999999837,541.0,1
2.0545072635252466,9.719999999999837,542.0,1
2.0545097542347643,9.719999999999837,543.0,1
2.0545108889564636,9.719999999999837,544.0,1
2.054510677189179,9.719999999999837,545.0,1
2.0545091283658747,9.719999999999837,546.0,1
2.0545062518439416,9.719999999999837,547.0,1
2.0545020569150743,9.719999999999837,548.0,1
2.054496552803757,9.709999999999837,549.0,1
2.054489748663023,9.709999999999837,550.0,1
2.0544816535758916,9.709999999999837,551.0,1
2.0544722765635828,9.709999999999837,552.0,1
2.0544616265775786,9.709999999999837,553.0,1
2.054449712504831,9.709999999999837,554.0,1
2.054436543164273,9.709999999999837,555.0,1
2.0544221273122707,9.709999999999837,556.0,1
2.054406473639986,9.699999999999838,557.0,1
2.054389590774591,9.699999999999838,558.0,1
2.0543714872808487,9.699999999999838,559.0,1
2.054352171658635,9.699999999999838,560.0,1
2.0543316523478095,9.699999999999838,561.0,1
2.0543099377271488,9.699999999999838,562.0,1
2.0542870361089163,9.699999999999838,563.0,1
2.054262955751642,9.689999999999838,564.0,1
2.054237704849677,9.689999999999838,565.0,1
2.054211291539606,9.689999999999838,566.0,1
2.054183723895572,9.689999999999838,567.0,1
2.0541550099368804,9.689999999999838,568.0,1
2.0541251576238393,9.689999999999838,569.0,1
2.0540941748562447,9.689999999999838,570.0,1
2.054062069479819,9.689999999999838,571.0,1
2.054028849282811,9.679999999999838,572.0,1
2.0539945219976707,9.679999999999838,573.0,1
2.0539590952954327,9.679999999999838,574.0,1
2.0539225768035965,9.679999999999838,575.0,1
2.0538849740808875,9.679999999999838,576.0,1
2.0538462946439036,9.679999999999838,577.0,1
2.053806545947019,9.679999999999838,578.0,1
2.0537657353965355,9.669999999999838,579.0,1
2.0537238703371603,9.669999999999838,580.0,1
2.0536809580729547,9.669999999999838,581.0,1
2.0536370058463165,9.669999999999838,582.0,1
2.0535920208535607,9.669999999999838,583.0,1
2.0535460102332337,9.669999999999838,584.0,1
2.053498981079671,9.669999999999838,585.0,1
2.0534509404337733,9.669999999999838,586.0,1
2.053401895285881,9.659999999999838,587.0,1
2.0533518525772942,9.659999999999838,588.0,1
2.053300819199689,9.659999999999838,589.0,1
2.0532488019957396,9.659999999999838,590.0,1
2.053195807760863,9.659999999999838,591.0,1
2.0531418432411184,9.659999999999838,592.0,1
2.053086915132485,9.659999999999838,593.0,1
2.053031030088665,9.659999999999838,594.0,1
2.0529741947142224,9.649999999999839,595.0,1
2.0529164155661603,9.649999999999839,596.0,1
2.052857699157437,9.649999999999839,597.0,1
2.052798051948394,9.649999999999839,598.0,1
2.052737480365692,9.649999999999839,599.0,1
2.052675990780057,9.649999999999839,600.0,1
2.0526135895242774,9.649999999999839,601.0,1
2.052550282883736,9.639999999999839,602.0,1
2.052486077100269,9.639999999999839,603.0,1
2.052420978371299,9.639999999999839,604.0,1
2.0523549928523437,9.639999999999839,605.0,1
2.0522881266551503,9.639999999999839,606.0,1
2.0522203858493357,9.639999999999839,607.0,1
2.052151776462994,9.639999999999839,608.0,1
2.052082304478437,9.639999999999839,609.0,1
2.052011975843078,9.62999999999984,610.0,1
2.0519407964558933,9.62999999999984,611.0,1
2.051868772178281,9.62999999999984,612.0,1
2.051795908830473,9.62999999999984,613.0,1
2.0517222121932686,9.62999999999984,614.0,1
2.051647688009763,9.62999999999984,615.0,1
2.0515723419755587,9.62999999999984,616.0,1
2.051496179755438,9.62999999999984,617.0,1
2.0514192069692787,9.61999999999984,618.0,1
2.051341429201962,9.61999999999984,619.0,1
2.051262851999595,9.61999999999984,620.0,1
2.0511834808627993,9.61999999999984,621.0,1
2.051103321266841,9.61999999999984,622.0,1
2.051022378640584,9.61999999999984,623.0,1
2.0509406583779453,9.61999999999984,624.0,1
2.0508581658360283,9.61999999999984,625.0,1
2.05077490633554,9.60999999999984,626.0,1
2.0506908851608925,9.60999999999984,627.0,1
2.0506061075584614,9.60999999999984,628.0,1
2.0505205787421277,9.60999999999984,629.0,1
2.0504343038838937,9.60999999999984,630.0,1
2.050347288132268,9.60999999999984,631.0,1
2.0502595365849827,9.60999999999984,632.0,1
2.050171054320038,9.60999999999984,633.0,1
2.0500818463714054,9.59999999999984,634.0,1
2.0499919177425223,9.59999999999984,635.0,1
2.049901273403847,9.59999999999984,636.0,1
2.0498099182849674,9.59999999999984,637.0,1
2.0497178572928356,9.59999999999984,638.0,1
2.0496250952937847,9.59999999999984,639.0,1
2.0495316371242422,9.59999999999984,640.0,1
2.0494374875861943,9.58999999999984,641.0,1
2.0493426514510045,9.58999999999984,642.0,1
2.0492471334560416,9.58999999999984,643.0,1
2.0491509383083693,9.58999999999984,644.0,1
2.0490540706830638,9.58999999999984,645.0,1
2.0489565352214547,9.58999999999984,646.0,1
2.048858336537981,9.58999999999984,647.0,1
2.0487594792139774,9.58999999999984,648.0,1
2.048659967797544,9.57999999999984,649.0,1
2.048559806808223,9.57999999999984,650.0,1
2.048459000738762,9.57999999999984,651.0,1
2.0483575540471475,9.57999999999984,652.0,1
2.048255471163079,9.57999999999984,653.0,1
2.048152756488218,9.57999999999984,654.0,1
2.048049414390856,9.57999999999984,655.0,1
2.047945449214279,9.57999999999984,656.0,1
2.047840865271613,9.56999999999984,657.0,1
2.047735666846438,9.56999999999984,658.0,1
2.047629858195083,9.56999999999984,659.0,1
2.047523443544145,9.56999999999984,660.0,1
2.0474164270931303,9.56999999999984,661.0,1
2.0473088130155594,9.56999999999984,662.0,1
2.0472006054505907,9.56999999999984,663.0,1
2.0470918085195926,9.56999999999984,664.0,1
2.0469824263078396,9.55999999999984,665.0,1
2.046872462880586,9.55999999999984,666.0,1
2.0467619222715614,9.55999999999984,667.0,1
2.046650808490139,9.55999999999984,668.0,1
2.046539125519082,9.55999999999984,669.0,1
2.0464268773121868,9.55999999999984,670.0,1
2.0463140678025686,9.55999999999984,671.0,1
2.046200700891287,9.55999999999984,672.0,1
2.0460867804596456,9.54999999999984,673.0,1
2.0459723103592733,9.54999999999984,674.0,1
2.0458572944183366,9.54999999999984,675.0,1
2.045741736439434,9.54999999999984,676.0,1
2.045625640200659,9.54999999999984,677.0,1
2.045509009455671,9.54999999999984,678.0,1
2.0453918479304103,9.54999999999984,679.0,1
2.0452741593321457,9.54999999999984,680.0,1
2.0451559473399405,9.539999999999841,681.0,1
2.0450372156097387,9.539999999999841,682.0,1
2.0449179677721268,9.539999999999841,683.0,1
2.044798207437985,9.539999999999841,684.0,1
2.044677938192246,9.539999999999841,685.0,1
2.0445571635937836,9.539999999999841,686.0,1
2.0444358871843473,9.539999999999841,687.0,1
2.044314112479592,9.539999999999841,688.0,1
2.044191842969723,9.529999999999841,689.0,1
2.0440690821272818,9.529999999999841,690.0,1
2.043945833398984,9.529999999999841,691.0,1
2.0438221002111296,9.529999999999841,692.0,1
2.043697885965726,9.529999999999841,693.0,1
2.0435731940452913,9.529999999999841,694.0,1
2.0434480278083886,9.529999999999841,695.0,1
2.043322390593132,9.529999999999841,696.0,1
2.0431962857174266,9.529999999999841,697.0,1
2.043069716471596,9.519999999999841,698.0,1
2.0429426861353885,9.519999999999841,699.0,1
2.0428151979552993,9.519999999999841,700.0,1
2.042687255167862,9.519999999999841,701.0,1
2.0425588609822376,9.519999999999841,702.0,1
2.0424300185880355,9.519999999999841,703.0,1
2.0423007311576433,9.519999999999841,704.0,1
2.0421710018381516,9.519999999999841,705.0,1
2.0420408337595535,9.509999999999842,706.0,1
2.0419102300325136,9.509999999999842,707.0,1
2.0417791937455037,9.509999999999842,708.0,1
2.0416477279690373,9.509999999999842,709.0,1
2.0415158357537755,9.509999999999842,710.0,1
2.0413835201274653,9.509999999999842,711.0,1
2.0412507841053076,9.509999999999842,712.0,1
2.041117630678106,9.509999999999842,713.0,1
2.040984062818338,9.499999999999842,714.0,1
2.0408500834812795,9.499999999999842,715.0,1
2.040715695603071,9.499999999999842,716.0,1
2.040580902098428,9.499999999999842,717.0,1
2.040445705868817,9.499999999999842,718.0,1
2.0403101097901755,9.499999999999842,719.0,1
2.0401741167283953,9.499999999999842,720.0,1
2.040037729524695,9.499999999999842,721.0,1
2.039900951005454,9.499999999999842,722.0,1
2.0397637839794482,9.489999999999842,723.0,1
2.039626231234344,9.489999999999842,724.0,1
2.039488295543326,9.489999999999842,725.0,1
2.0393499796616696,9.489999999999842,726.0,1
2.0392112863291785,9.489999999999842,727.0,1
2.039072218262133,9.489999999999842,728.0,1
2.038932778165415,9.489999999999842,729.0,1
2.038792968726022,9.489999999999842,730.0,1
2.0386527926127838,9.479999999999842,731.0,1
2.038512252478454,9.479999999999842,732.0,1
2.038371350956235,9.479999999999842,733.0,1
2.0382300906701665,9.479999999999842,734.0,1
2.03808847421801,9.479999999999842,735.0,1
2.037946504188878,9.479999999999842,736.0,1
2.037804183153627,9.479999999999842,737.0,1
2.0376615136657943,9.479999999999842,738.0,1
2.037518498264535,9.469999999999843,739.0,1
2.037375139469829,9.469999999999843,740.0,1
2.0372314397910114,9.469999999999843,741.0,1
2.0370874017173026,9.469999999999843,742.0,1
2.036943027726911,9.469999999999843,743.0,1
2.036798320274226,9.469999999999843,744.0,1
2.036653281811063,9.469999999999843,745.0,1
2.0365079147615903,9.469999999999843,746.0,1
2.0363622215406374,9.469999999999843,747.0,1
2.0362162045508803,9.459999999999843,748.0,1
2.036069866173972,9.459999999999843,749.0,1
2.0359232087805146,9.459999999999843,750.0,1
2.035776234725904,9.459999999999843,751.0,1
2.0356289463488753,9.459999999999843,752.0,1
2.0354813459771504,9.459999999999843,753.0,1
2.0353334359204664,9.459999999999843,754.0,1
2.035185218478072,9.459999999999843,755.0,1
2.035036695929478,9.449999999999843,756.0,1
2.034887870547382,9.449999999999843,757.0,1
2.0347387445825253,9.449999999999843,758.0,1
2.0345893202785215,9.449999999999843,759.0,1
2.0344395998624556,9.449999999999843,760.0,1
2.0342895855465404,9.449999999999843,761.0,1
2.0341392795302315,9.449999999999843,762.0,1
2.0339886840017827,9.449999999999843,763.0,1
2.033837801129706,9.449999999999843,764.0,1
2.0336866330773167,9.439999999999843,765.0,1
2.033535181987861,9.439999999999843,766.0,1
2.033383449996459,9.439999999999843,767.0,1
2.0332314392220843,9.439999999999843,768.0,1
2.0330791517687947,9.439999999999843,769.0,1
2.032926589733291,9.439999999999843,770.0,1
2.0327737551972205,9.439999999999843,771.0,1
2.0326206502257516,9.439999999999843,772.0,1
2.03246727687494,9.439999999999843,773.0,1
2.032313637190018,9.429999999999843,774.0,1
2.032159733200745,9.429999999999843,775.0,1
2.0320055669226225,9.429999999999843,776.0,1
2.0318511403643384,9.429999999999843,777.0,1
2.0316964555180235,9.429999999999843,778.0,1
2.031541514365258,9.429999999999843,779.0,1
2.031386318874831,9.429999999999843,780.0,1
2.031230871004837,9.429999999999843,781.0,1
2.0310751727002874,9.429999999999843,782.0,1
2.0309192258928803,9.419999999999844,783.0,1
2.0307630325084367,9.419999999999844,784.0,1
2.0306065944522596,9.419999999999844,785.0,1
2.030449913623234,9.419999999999844,786.0,1
2.030292991911447,9.419999999999844,787.0,1
2.0301358311903686,9.419999999999844,788.0,1
2.0299784333241315,9.419999999999844,789.0,1
2.02982080016705,9.419999999999844,790.0,1
2.029662933556089,9.409999999999844,791.0,1
2.029504835326819,9.409999999999844,792.0,1
2.0293465072942536,9.409999999999844,793.0,1
2.0291879512705697,9.409999999999844,794.0,1
2.029029169049905,9.409999999999844,795.0,1
2.028870162419193,9.409999999999844,796.0,1
2.028710933155354,9.409999999999844,797.0,1
2.0285514830224525,9.409999999999844,798.0,1
2.028391813775439,9.409999999999844,799.0,1
2.02823192715786,9.399999999999844,800.0,1
2.028071824900911,9.399999999999844,801.0,1
2.0279115087296637,9.399999999999844,802.0,1
2.0277509803558718,9.399999999999844,803.0,1
2.0275902414803295,9.399999999999844,804.0,1
2.027429293798141,9.399999999999844,805.0,1
2.0272681389855127,9.399999999999844,806.0,1
2.02710677871825,9.399999999999844,807.0,1
2.0269452146576445,9.399999999999844,808.0,1
2.026783448453299,9.389999999999844,809.0,1
2.026621481747404,9.389999999999844,810.0,1
2.0264593161725317,9.389999999999844,811.0,1
2.0262969533491,9.389999999999844,812.0,1
2.0261343948919395,9.389999999999844,813.0,1
2.0259716423996763,9.389999999999844,814.0,1
2.025808697468735,9.389999999999844,815.0,1
2.0256455616808546,9.389999999999844,816.0,1
2.0254822366105434,9.389999999999844,817.0,1
2.0253187238223695,9.379999999999844,818.0,1
2.0251550248716397,9.379999999999844,819.0,1
2.024991141303578,9.379999999999844,820.0,1
2.024827074655573,9.379999999999844,821.0,1
2.024662826454785,9.379999999999844,822.0,1
2.0244983982199427,9.379999999999844,823.0,1
2.0243337914610198,9.379999999999844,824.0,1
2.02416900767593,9.379999999999844,825.0,1
2.0240040483576056,9.379999999999844,826.0,1
2.023838914989288,9.369999999999845,827.0,1
2.023673609043696,9.369999999999845,828.0,1
2.023508131987509,9.369999999999845,829.0,1
2.0233424852730924,9.369999999999845,830.0,1
2.0231766703518703,9.369999999999845,831.0,1
2.023010688661877,9.369999999999845,832.0,1
2.022844541632672,9.369999999999845,833.0,1
2.022678230686037,9.369999999999845,834.0,1
2.0225117572362175,9.369999999999845,835.0,1
2.02234512269013,9.369999999999845,836.0,1
2.0221783284392068,9.359999999999845,837.0,1
2.0220113758773968,9.359999999999845,838.0,1
2.0218442663826357,9.359999999999845,839.0,1
2.021677001327256,9.359999999999845,840.0,1
2.0215095820757605,9.359999999999845,841.0,1
2.021342009983163,9.359999999999845,842.0,1
2.021174286400019,9.359999999999845,843.0,1
2.0210064126606655,9.359999999999845,844.0,1
2.0208383901024827,9.359999999999845,845.0,1
2.020670220048748,9.349999999999845,846.0,1
2.020501903813482,9.349999999999845,847.0,1
2.0203334427060655,9.349999999999845,848.0,1
2.020164838029216,9.349999999999845,849.0,1
2.0199960910756483,9.349999999999845,850.0,1
2.0198272031286404,9.349999999999845,851.0,1
2.0196581754661422,9.349999999999845,852.0,1
2.0194890093620406,9.349999999999845,853.0,1
2.019319706077162,9.349999999999845,854.0,1
2.019150266868026,9.339999999999845,855.0,1
2.0189806929810654,9.339999999999845,856.0,1
2.018810985659333,9.339999999999845,857.0,1
2.0186411461331772,9.339999999999845,858.0,1
2.0184711756322997,9.339999999999845,859.0,1
2.018301075374342,9.339999999999845,860.0,1
2.0181308465719763,9.339999999999845,861.0,1
2.017960490428223,9.339999999999845,862.0,1
2.0177900081421236,9.339999999999845,863.0,1
2.017619400903156,9.339999999999845,864.0,1
2.017448669896714,9.329999999999846,865.0,1
2.0172778163006275,9.329999999999846,866.0,1
2.017106841280416,9.329999999999846,867.0,1
2.016935746002904,9.329999999999846,868.0,1
2.016764531623354,9.329999999999846,869.0,1
2.0165931992913873,9.329999999999846,870.0,1
2.0164217501500543,9.329999999999846,871.0,1
2.0162501853340022,9.329999999999846,872.0,1
2.016078505973018,9.329999999999846,873.0,1
2.0159067131929036,9.319999999999846,874.0,1
2.0157348081048214,9.319999999999846,875.0,1
2.0155627918217665,9.319999999999846,876.0,1
2.0153906654472085,9.319999999999846,877.0,1
2.015218430075328,9.319999999999846,878.0,1
2.015046086799742,9.319999999999846,879.0,1
2.01487363670247,9.319999999999846,880.0,1
2.0147010808628005,9.319999999999846,881.0,1
2.0145284203503064,9.319999999999846,882.0,1
2.014355656233054,9.319999999999846,883.0,1
2.0141827895650932,9.309999999999846,884.0,1
2.014009821403972,9.309999999999846,885.0,1
2.013836752795493,9.309999999999846,886.0,1
2.0136635847776696,9.309999999999846,887.0,1
2.0134903183887816,9.309999999999846,888.0,1
2.013316954652929,9.309999999999846,889.0,1
2.0131434945967586,9.309999999999846,890.0,1
2.012969939236874,9.309999999999846,891.0,1
2.0127962895794065,9.309999999999846,892.0,1
2.012622546633338,9.299999999999846,893.0,1
2.01244871139761,9.299999999999846,894.0,1
2.01227478486239,9.299999999999846,895.0,1
2.012100768017402,9.299999999999846,896.0,1
2.0119266618447065,9.299999999999846,897.0,1
2.01175246732022,9.299999999999846,898.0,1
2.0115781854113615,9.299999999999846,899.0,1
2.011403817085783,9.299999999999846,900.0,1
2.0112293633022897,9.299999999999846,901.0,1
2.011054825013581,9.299999999999846,902.0,1
2.010880203168542,9.289999999999846,903.0,1
2.010705498709016,9.289999999999846,904.0,1
2.010530712571799,9.289999999999846,905.0,1
2.0103558456906447,9.289999999999846,906.0,1
2.010180898987084,9.289999999999846,907.0,1
2.0100058733883137,9.289999999999846,908.0,1
2.0098307698046285,9.289999999999846,909.0,1
2.0096555891473877,9.289999999999846,910.0,1
2.0094803323243973,9.289999999999846,911.0,1
2.0093050002318535,9.289999999999846,912.0,1
2.009129593767247,9.279999999999847,913.0,1
2.0089541138172153,9.279999999999847,914.0,1
2.008778561268633,9.279999999999847,915.0,1
2.0086029369990395,9.279999999999847,916.0,1
2.0084272418826283,9.279999999999847,917.0,1
2.0082514767887965,9.279999999999847,918.0,1
2.008075642582806,9.279999999999847,919.0,1
2.0078997401198393,9.279999999999847,920.0,1
2.0077237702579387,9.279999999999847,921.0,1
2.0075477338434946,9.279999999999847,922.0,1
2.0073716317220556,9.269999999999847,923.0,1
2.007195464733136,9.269999999999847,924.0,1
2.0070192337108272,9.269999999999847,925.0,1
2.0068429394844975,9.269999999999847,926.0,1
2.006666582879595,9.269999999999847,927.0,1
2.0064901647163897,9.269999999999847,928.0,1
2.0063136858110795,9.269999999999847,929.0,1
2.006137146970621,9.269999999999847,930.0,1
2.005960549004696,9.269999999999847,931.0,1
2.005783892714171,9.269999999999847,932.0,1
2.0056071788952203,9.259999999999847,933.0,1
2.0054304083407257,9.259999999999847,934.0,1
2.005253581837855,9.259999999999847,935.0,1
2.00507670016964,9.259999999999847,936.0,1
2.004899764115834,9.259999999999847,937.0,1
2.0047227744469702,9.259999999999847,938.0,1
2.004545731936956,9.259999999999847,939.0,1
2.004368637348693,9.259999999999847,940.0,1
2.0041914914444408,9.259999999999847,941.0,1
2.0040142949810824,9.259999999999847,942.0,1
2.003837048706807,9.249999999999847,943.0,1
2.0036597533747478,9.249999999999847,944.0,1
2.0034824097237354,9.249999999999847,945.0,1
2.003305018495913,9.249999999999847,946.0,1
2.0031275804260855,9.249999999999847,947.0,1
2.0029500962432145,9.249999999999847,948.0,1
2.0027725666763563,9.249999999999847,949.0,1
2.002594992445399,9.249999999999847,950.0,1
2.002417374270007,9.249999999999847,951.0,1
2.002239712864396,9.249999999999847,952.0,1
2.0020620089379157,9.239999999999847,953.0,1
2.001884263197538,9.239999999999847,954.0,1
2.001706476342336,9.239999999999847,955.0,1
2.0015286490737423,9.239999999999847,956.0,1
2.001350782083348,9.239999999999847,957.0,1
2.001172876061614,9.239999999999847,958.0,1
2.000994931694924,9.239999999999847,959.0,1
2.000816949665469,9.239999999999847,960.0,1
2.0006389306482077,9.239999999999847,961.0,1
2.000460875321491,9.239999999999847,962.0,1
2.0002827843531206,9.229999999999848,963.0,1
2.000104658410395,9.229999999999848,964.0,1
1.9999264981571292,9.229999999999848,965.0,1
1.999748304248458,9.229999999999848,966.0,1
1.9995700773419998,9.229999999999848,967.0,1
1.9993918180904895,9.229999999999848,968.0,1
1.999213527137987,9.229999999999848,969.0,1
1.9990352051298532,9.229999999999848,970.0,1
1.9988568527073547,9.229999999999848,971.0,1
1.9986784705068132,9.229999999999848,972.0,1
1.9985000591583668,9.229999999999848,973.0,1
1.9983216192929603,9.219999999999848,974.0,1
1.9981431515372978,9.219999999999848,975.0,1
1.9979646565125104,9.219999999999848,976.0,1
1.9977861348359773,9.219999999999848,977.0,1
1.997607587123634,9.219999999999848,978.0,1
1.9974290139868356,9.219999999999848,979.0,1
1.997250416033427,9.219999999999848,980.0,1
1.9970717938670797,9.219999999999848,981.0,1
1.9968931480907728,9.219999999999848,982.0,1
1.9967144792982563,9.219999999999848,983.0,1
1.9965357880859955,9.209999999999848,984.0,1
1.9963570750445632,9.209999999999848,985.0,1
1.9961783407617844,9.209999999999848,986.0,1
1.9959995858203046,9.209999999999848,987.0,1
1.9958208108001303,9.209999999999848,988.0,1
1.995642016279209,9.209999999999848,989.0,1
1.9954632028326518,9.209999999999848,990.0,1
1.9952843710289339,9.209999999999848,991.0,1
1.9951055214368831,9.209999999999848,992.0,1
1.9949266546202105,9.209999999999848,993.0,1
1.9947477711389916,9.209999999999848,994.0,1
1.9945688715514647,9.199999999999848,995.0,1
1.994389956412788,9.199999999999848,996.0,1
1.994211026273776,9.199999999999848,997.0,1
1.9940320816816695,9.199999999999848,998.0,1
1.993853123180396,9.199999999999848,999.0,1
1.9936741513147846,9.199999999999848,1000.0,1
1.9934951666216294,9.199999999999848,1001.0,1
1.9933161696380146,9.199999999999848,1002.0,1
1.9931371608938295,9.199999999999848,1003.0,1
1.9929581409223647,9.199999999999848,1004.0,1
1.992779110246315,9.189999999999849,1005.0,1
1.9926000693898407,9.189999999999849,1006.0,1
1.9924210188755485,9.189999999999849,1007.0,1
1.9922419592192024,9.189999999999849,1008.0,1
1.9920628909370401,9.189999999999849,1009.0,1
1.9918838145362885,9.189999999999849,1010.0,1
1.9917047305307523,9.189999999999849,1011.0,1
1.9915256394223106,9.189999999999849,1012.0,1
1.9913465417162348,9.189999999999849,1013.0,1
1.9911674379105,9.189999999999849,1014.0,1
1.9909883285034133,9.189999999999849,1015.0,1
1.990809213988668,9.179999999999849,1016.0,1
1.9906300948577087,9.179999999999849,1017.0,1
1.9904509715990408,9.179999999999849,1018.0,1
1.990271844697923,9.179999999999849,1019.0,1
1.9900927146378944,9.179999999999849,1020.0,1
1.9899135818984524,9.179999999999849,1021.0,1
1.9897344469586546,9.179999999999849,1022.0,1
1.9895553102890786,9.179999999999849,1023.0,1
1.989376172365416,9.179999999999849,1024.0,1
1.9891970336564395,9.179999999999849,1025.0,1
1.9890178946269998,9.179999999999849,1026.0,1
1.988838755742145,9.169999999999849,1027.0,1
1.9886596174632774,9.169999999999849,1028.0,1
1.9884804802473746,9.169999999999849,1029.0,1
1.98830134455164,9.169999999999849,1030.0,1
1.9881222108301921,9.169999999999849,1031.0,1
1.9879430795294553,9.169999999999849,1032.0,1
1.987763951102228,9.169999999999849,1033.0,1
1.987584825992734,9.169999999999849,1034.0,1
1.987405704640435,9.169999999999849,1035.0,1
1.9872265874899682,9.169999999999849,1036.0,1
1.987047474977596,9.169999999999849,1037.0,1
1.9868683675385581,9.15999999999985,1038.0,1
1.9866892656066533,9.15999999999985,1039.0,1
1.986510169608834,9.15999999999985,1040.0,1
1.9863310799761658,9.15999999999985,1041.0,1
1.9861519971331039,9.15999999999985,1042.0,1
1.9859729215025854,9.15999999999985,1043.0,1
1.9857938535046278,9.15999999999985,1044.0,1
1.9856147935577142,9.15999999999985,1045.0,1
1.9854357420769477,9.15999999999985,1046.0,1
1.9852566994757816,9.15999999999985,1047.0,1
1.9850776661641694,9.15999999999985,1048.0,1
1.9848986425523725,9.14999999999985,1049.0,1
1.9847196290455127,9.14999999999985,1050.0,1
1.9845406260469485,9.14999999999985,1051.0,1
1.9843616339581325,9.14999999999985,1052.0,1
1.9841826531790836,9.14999999999985,1053.0,1
1.9840036841059112,9.14999999999985,1054.0,1
1.9838247271327085,9.14999999999985,1055.0,1
1.9836457826522376,9.14999999999985,1056.0,1
1.983466851054529,9.14999999999985,1057.0,1
1.983287932727126,9.14999999999985,1058.0,1
1.9831090280565384,9.14999999999985,1059.0,1
1.9829301374222041,9.13999999999985,1060.0,1
1.982751261208304,9.13999999999985,1061.0,1
1.982572399793635,9.13999999999985,1062.0,1
1.9823935535554207,9.13999999999985,1063.0,1
1.9822147228639697,9.13999999999985,1064.0,1
1.9820359080971734,9.13999999999985,1065.0,1
1.9818571096192104,9.13999999999985,1066.0,1
1.9816783278029164,9.13999999999985,1067.0,1
1.9814995630116534,9.13999999999985,1068.0,1
1.981320815609666,9.13999999999985,1069.0,1
1.9811420859584912,9.13999999999985,1070.0,1
1.9809633744176827,9.13999999999985,1071.0,1
1.980784681344886,9.12999999999985,1072.0,1
1.9806060070938987,9.12999999999985,1073.0,1
1.9804273520198166,9.12999999999985,1074.0,1
1.980248716472124,9.12999999999985,1075.0,1
1.9800701008021477,9.12999999999985,1076.0,1
1.9798915053542547,9.12999999999985,1077.0,1
1.9797129304759564,9.12999999999985,1078.0,1
1.9795343765069129,9.12999999999985,1079.0,1
1.9793558437927445,9.12999999999985,1080.0,1
1.9791773326690771,9.12999999999985,1081.0,1
1.9789988434756354,9.12999999999985,1082.0,1
1.9788203765434695,9.11999999999985,1083.0,1
1.9786419322096414,9.11999999999985,1084.0,1
1.978463510804175,9.11999999999985,1085.0,1
1.978285112657091,9.11999999999985,1086.0,1
1.9781067380929154,9.11999999999985,1087.0,1
1.9779283874401141,9.11999999999985,1088.0,1
1.9777500610218581,9.11999999999985,1089.0,1
1.9775717591579114,9.11999999999985,1090.0,1
1.9773934821697567,9.11999999999985,1091.0,1
1.977215230375232,9.11999999999985,1092.0,1
1.9770370040902514,9.11999999999985,1093.0,1
1.9768588036265986,9.11999999999985,1094.0,1
1.9766806293000574,9.10999999999985,1095.0,1
1.9765024814203613,9.10999999999985,1096.0,1
1.9763243602935159,9.10999999999985,1097.0,1
1.9761462662298679,9.10999999999985,1098.0,1
1.9759681995329492,9.10999999999985,1099.0,1
1.975790160505312,9.10999999999985,1100.0,1
1.9756121494499852,9.10999999999985,1101.0,1
1.9754341666660968,9.10999999999985,1102.0,1
1.9752562124515671,9.10999999999985,1103.0,1
1.9750782871018742,9.10999999999985,1104.0,1
1.9749003909124703,9.10999999999985,1105.0,1
1.9747225241757167,9.09999999999985,1106.0,1
1.974544687183139,9.09999999999985,1107.0,1
1.9743668802229364,9.09999999999985,1108.0,1
1.9741891035825252,9.09999999999985,1109.0,1
1.9740113575498954,9.09999999999985,1110.0,1
1.9738336424073275,9.09999999999985,1111.0,1
1.9736559584363933,9.09999999999985,1112.0,1
1.973478305920942,9.09999999999985,1113.0,1
1.9733006851377282,9.09999999999985,1114.0,1
1.973123096365008,9.09999999999985,1115.0,1
1.9729455398787412,9.09999999999985,1116.0,1
1.9727680159534469,9.09999999999985,1117.0,1
1.9725905248613294,9.08999999999985,1118.0,1
1.9724130668731323,9.08999999999985,1119.0,1
1.9722356422600646,9.08999999999985,1120.0,1
1.972058251285975,9.08999999999985,1121.0,1
1.9718808942210124,9.08999999999985,1122.0,1
1.9717035713269442,9.08999999999985,1123.0,1
1.9715262828703353,9.08999999999985,1124.0,1
1.9713490291075106,9.08999999999985,1125.0,1
1.9711718103025397,9.08999999999985,1126.0,1
1.9709946267128096,9.08999999999985,1127.0,1
1.9708174785954218,9.08999999999985,1128.0,1
1.9706403662033605,9.08999999999985,1129.0,1
1.9704632897938585,9.07999999999985,1130.0,1
1.9702862496154838,9.07999999999985,1131.0,1
1.9701092459213891,9.07999999999985,1132.0,1
1.9699322789605564,9.07999999999985,1133.0,1
1.9697553489820163,9.07999999999985,1134.0,1
1.9695784562271146,9.07999999999985,1135.0,1
1.9694016009455493,9.07999999999985,1136.0,1
1.9692247833789218,9.07999999999985,1137.0,1
1.969048003769342,9.07999999999985,1138.0,1
1.9688712623567233,9.07999999999985,1139.0,1
1.968694559380797,9.07999999999985,1140.0,1
1.9685178950776565,9.07999999999985,1141.0,1
1.9683412696846485,9.069999999999851,1142.0,1
1.968164683436077,9.069999999999851,1143.0,1
1.967988136565653,9.069999999999851,1144.0,1
1.9678116293034484,9.069999999999851,1145.0,1
1.9676351618819545,9.069999999999851,1146.0,1
1.9674587345290429,9.069999999999851,1147.0,1
1.9672823474730596,9.069999999999851,1148.0,1
1.9671060009408263,9.069999999999851,1149.0,1
1.9669296951537745,9.069999999999851,1150.0,1
1.9667534303392067,9.069999999999851,1151.0,1
1.9665772067192582,9.069999999999851,1152.0,1
1.9664010245117884,9.069999999999851,1153.0,1
1.9662248839392542,9.059999999999851,1154.0,1
1.9660487852172408,9.059999999999851,1155.0,1
1.9658727285646256,9.059999999999851,1156.0,1
1.9656967141966626,9.059999999999851,1157.0,1
1.9655207423267183,9.059999999999851,1158.0,1
1.9653448131680542,9.059999999999851,1159.0,1
1.9651689269324708,9.059999999999851,1160.0,1
1.9649930838314602,9.059999999999851,1161.0,1
1.9648172840709826,9.059999999999851,1162.0,1
1.9646415278600207,9.059999999999851,1163.0,1
1.9644658154057972,9.059999999999851,1164.0,1
1.9642901469125553,9.059999999999851,1165.0,1
1.9641145225854324,9.049999999999851,1166.0,1
1.9639389426279314,9.049999999999851,1167.0,1
1.9637634072371675,9.049999999999851,1168.0,1
1.963587916617659,9.049999999999851,1169.0,1
1.9634124709667347,9.049999999999851,1170.0,1
1.9632370704822335,9.049999999999851,1171.0,1
1.9630617153602121,9.049999999999851,1172.0,1
1.9628864057978495,9.049999999999851,1173.0,1
1.9627111419868166,9.049999999999851,1174.0,1
1.962535924120132,9.049999999999851,1175.0,1
1.9623607523908129,9.049999999999851,1176.0,1
1.962185626989217,9.049999999999851,1177.0,1
1.9620105481041594,9.049999999999851,1178.0,1
1.961835515924206,9.039999999999852,1179.0,1
1.961660530635883,9.039999999999852,1180.0,1
1.9614855924253738,9.039999999999852,1181.0,1
1.9613107014773299,9.039999999999852,1182.0,1
1.9611358579744909,9.039999999999852,1183.0,1
1.9609610621003923,9.039999999999852,1184.0,1
1.9607863140367487,9.039999999999852,1185.0,1
1.9606116139596839,9.039999999999852,1186.0,1
1.960436962052487,9.039999999999852,1187.0,1
1.9602623584931413,9.039999999999852,1188.0,1
1.9600878034539408,9.039999999999852,1189.0,1
1.9599132971145505,9.039999999999852,1190.0,1
1.9597388396493405,9.029999999999852,1191.0,1
1.9595644312286138,9.029999999999852,1192.0,1
1.9593900720276023,9.029999999999852,1193.0,1
1.9592157622170436,9.029999999999852,1194.0,1
1.9590415019671972,9.029999999999852,1195.0,1
1.9588672914460352,9.029999999999852,1196.0,1
1.9586931308202808,9.029999999999852,1197.0,1
1.9585190202602845,9.029999999999852,1198.0,1
1.9583449599302694,9.029999999999852,1199.0,1
1.9581709499951871,9.029999999999852,1200.0,1
1.9579969906189412,9.029999999999852,1201.0,1
1.9578230819640117,9.029999999999852,1202.0,1
1.9576492241918941,9.029999999999852,1203.0,1
1.9574754174641968,9.019999999999852,1204.0,1
1.9573016619405048,9.019999999999852,1205.0,1
1.9571279577765806,9.019999999999852,1206.0,1
1.9569543051336957,9.019999999999852,1207.0,1
1.9567807041666285,9.019999999999852,1208.0,1
1.95660715503181,9.019999999999852,1209.0,1
1.9564336578839552,9.019999999999852,1210.0,1
1.9562602128743145,9.019999999999852,1211.0,1
1.9560868201584842,9.019999999999852,1212.0,1
1.9559134798880566,9.019999999999852,1213.0,1
1.9557401922096946,9.019999999999852,1214.0,1
1.9555669572773375,9.019999999999852,1215.0,1
1.955393775238433,9.019999999999852,1216.0,1
1.9552206462401218,9.009999999999852,1217.0,1
1.955047570430715,9.009999999999852,1218.0,1
1.9548745479536451,9.009999999999852,1219.0,1
1.9547015789557745,9.009999999999852,1220.0,1
1.9545286635789934,9.009999999999852,1221.0,1
1.9543558019681204,9.009999999999852,1222.0,1
1.954182994265294,9.009999999999852,1223.0,1
1.9540102406106024,9.009999999999852,1224.0,1
1.9538375411444142,9.009999999999852,1225.0,1
1.9536648960067278,9.009999999999852,1226.0,1
1.9534923053355941,9.009999999999852,1227.0,1
1.9533197692680535,9.009999999999852,1228.0,1
1.953147287940699,9.009999999999852,1229.0,1
1.9529748614900058,8.999999999999853,1230.0,1
1.952802490049379,8.999999999999853,1231.0,1
1.9526301737539626,8.999999999999853,1232.0,1
1.9524579127371287,8.999999999999853,1233.0,1
1.9522857071281436,8.999999999999853,1234.0,1
1.9521135570609267,8.999999999999853,1235.0,1
1.9519414626652238,8.999999999999853,1236.0,1
1.9517694240702512,8.999999999999853,1237.0,1
1.9515974414047241,8.999999999999853,1238.0,1
1.9514255147976098,8.999999999999853,1239.0,1
1.9512536443727564,8.999999999999853,1240.0,1
1.9510818302580952,8.999999999999853,1241.0,1
1.9509100725799247,8.999999999999853,1242.0,1
1.9507383714596493,8.989999999999853,1243.0,1
1.9505667270234572,8.989999999999853,1244.0,1
1.9503951393932895,8.989999999999853,1245.0,1
1.9502236086910676,8.989999999999853,1246.0,1
1.9500521350364488,8.989999999999853,1247.0,1
1.9498807185515106,8.989999999999853,1248.0,1
1.94970935935509,8.989999999999853,1249.0,1
1.9495380575656105,8.989999999999853,1250.0,1
1.949366813300878,8.989999999999853,1251.0,1
1.9491956266767836,8.989999999999853,1252.0,1
1.949024497811182,8.989999999999853,1253.0,1
1.9488534268197826,8.989999999999853,1254.0,1
1.9486824138157235,8.989999999999853,1255.0,1
1.9485114589113233,8.979999999999853,1256.0,1
1.948340562222478,8.979999999999853,1257.0,1
1.9481697238607942,8.979999999999853,1258.0,1
1.9479989439384466,8.979999999999853,1259.0,1
1.9478282225631198,8.979999999999853,1260.0,1
1.9476575598471164,8.979999999999853,1261.0,1
1.9474869558997936,8.979999999999853,1262.0,1
1.9473164108280276,8.979999999999853,1263.0,1
1.9471459247414489,8.979999999999853,1264.0,1
1.9469754977455234,8.979999999999853,1265.0,1
1.9468051299452978,8.979999999999853,1266.0,1
1.9466348214481808,8.979999999999853,1267.0,1
1.946464572358717,8.979999999999853,1268.0,1
1.9462943827793804,8.979999999999853,1269.0,1
1.9461242528154252,8.969999999999853,1270.0,1
1.9459541825672835,8.969999999999853,1271.0,1
1.9457841721371556,8.969999999999853,1272.0,1
1.9456142216275274,8.969999999999853,1273.0,1
1.945444331136535,8.969999999999853,1274.0,1
1.945274500765241,8.969999999999853,1275.0,1
1.9451047306126998,8.969999999999853,1276.0,1
1.944935020774322,8.969999999999853,1277.0,1
1.944765371352326,8.969999999999853,1278.0,1
1.9445957824380544,8.969999999999853,1279.0,1
1.9444262541318587,8.969999999999853,1280.0,1
1.9442567865282698,8.969999999999853,1281.0,1
1.9440873797202654,8.969999999999853,1282.0,1
1.9439180338030773,8.969999999999853,1283.0,1
1.9437487488684588,8.959999999999853,1284.0,1
1.9435795250112904,8.959999999999853,1285.0,1
1.943410362322754,8.959999999999853,1286.0,1
1.943241260893819,8.959999999999853,1287.0,1
1.9430722208152504,8.959999999999853,1288.0,1
1.9429032421770438,8.959999999999853,1289.0,1
1.942734325068552,8.959999999999853,1290.0,1
1.9425654695775638,8.959999999999853,1291.0,1
1.9423966757931235,8.959999999999853,1292.0,1
1.9422279438024437,8.959999999999853,1293.0,1
1.9420592736929345,8.959999999999853,1294.0,1
1.9418906655473755,8.959999999999853,1295.0,1
1.9417221194548686,8.959999999999853,1296.0,1
1.9415536354987373,8.949999999999854,1297.0,1
1.9413852137627199,8.949999999999854,1298.0,1
1.9412168543306823,8.949999999999854,1299.0,1
1.9410485572852825,8.949999999999854,1300.0,1
1.9408803227093543,8.949999999999854,1301.0,1
1.9407121506847054,8.949999999999854,1302.0,1
1.940544041290437,8.949999999999854,1303.0,1
1.9403759946087977,8.949999999999854,1304.0,1
1.9402080107190933,8.949999999999854,1305.0,1
1.9400400897013164,8.949999999999854,1306.0,1
1.939872231631123,8.949999999999854,1307.0,1
1.9397044365898302,8.949999999999854,1308.0,1
1.9395367046533873,8.949999999999854,1309.0,1
1.9393690358968787,8.949999999999854,1310.0,1
1.939201430400651,8.939999999999854,1311.0,1
1.9390338882351328,8.939999999999854,1312.0,1
1.9388664094791443,8.939999999999854,1313.0,1
1.9386989942055846,8.939999999999854,1314.0,1
1.9385316424888044,8.939999999999854,1315.0,1
1.93836435440164,8.939999999999854,1316.0,1
1.9381971300167373,8.939999999999854,1317.0,1
1.9380299694078262,8.939999999999854,1318.0,1
1.9378628726421707,8.939999999999854,1319.0,1
1.9376958397950326,8.939999999999854,1320.0,1
1.9375288709351524,8.939999999999854,1321.0,1
1.9373619661321344,8.939999999999854,1322.0,1
1.937195125454965,8.939999999999854,1323.0,1
1.9370283489734137,8.939999999999854,1324.0,1
1.9368616367559457,8.929999999999854,1325.0,1
1.9366949888675216,8.929999999999854,1326.0,1
1.9365284053786422,8.929999999999854,1327.0,1
1.9363618863538974,8.929999999999854,1328.0,1
1.9361954318579635,8.929999999999854,1329.0,1
1.9360290419600867,8.929999999999854,1330.0,1
1.9358627167207603,8.929999999999854,1331.0,1
1.9356964562076167,8.929999999999854,1332.0,1
1.9355302604832867,8.929999999999854,1333.0,1
1.9353641296113533,8.929999999999854,1334.0,1
1.9351980636552326,8.929999999999854,1335.0,1
1.9350320626743922,8.929999999999854,1336.0,1
1.9348661267342833,8.929999999999854,1337.0,1
1.9347002558925963,8.929999999999854,1338.0,1
1.934534450214266,8.929999999999854,1339.0,1
1.9343687097541293,8.919999999999854,1340.0,1
1.9342030345759633,8.919999999999854,1341.0,1
1.9340374247380605,8.919999999999854,1342.0,1
1.933871880298528,8.919999999999854,1343.0,1
1.9337064013166652,8.919999999999854,1344.0,1
1.9335409878473038,8.919999999999854,1345.0,1
1.9333756399518152,8.919999999999854,1346.0,1
1.9332103576829072,8.919999999999854,1347.0,1
1.9330451410993972,8.919999999999854,1348.0,1
1.9328799902547948,8.919999999999854,1349.0,1
1.9327149052060566,8.919999999999854,1350.0,1
1.9325498860076251,8.919999999999854,1351.0,1
1.9323849327138036,8.919999999999854,1352.0,1
1.9322200453776985,8.919999999999854,1353.0,1
1.9320552240547426,8.909999999999854,1354.0,1
1.931890468792934,8.909999999999854,1355.0,1
1.9317257796494443,8.909999999999854,1356.0,1
1.931561156673944,8.909999999999854,1357.0,1
1.9313965999183855,8.909999999999854,1358.0,1
1.9312321094337104,8.909999999999854,1359.0,1
1.9310676852701176,8.909999999999854,1360.0,1
1.9309033274789602,8.909999999999854,1361.0,1
1.9307390361064583,8.909999999999854,1362.0,1
1.9305748112047025,8.909999999999854,1363.0,1
1.9304106528213332,8.909999999999854,1364.0,1
1.9302465610047612,8.909999999999854,1365.0,1
1.9300825358028668,8.909999999999854,1366.0,1
1.9299185772627752,8.909999999999854,1367.0,1
1.9297546854315624,8.909999999999854,1368.0,1
1.9295908603562948,8.899999999999855,1369.0,1
1.9294271020808529,8.899999999999855,1370.0,1
1.9292634106511202,8.899999999999855,1371.0,1
1.9290997861143913,8.899999999999855,1372.0,1
1.928936228513812,8.899999999999855,1373.0,1
1.9287727378935824,8.899999999999855,1374.0,1
1.9286093142992087,8.899999999999855,1375.0,1
1.9284459577702626,8.899999999999855,1376.0,1
1.9282826683536234,8.899999999999855,1377.0,1
1.928119446089812,8.899999999999855,1378.0,1
1.9279562910215176,8.899999999999855,1379.0,1
1.9277932031905674,8.899999999999855,1380.0,1
1.9276301826378908,8.899999999999855,1381.0,1
1.9274672294045563,8.899999999999855,1382.0,1
1.9273043435322215,8.889999999999855,1383.0,1
1.9271415250577493,8.889999999999855,1384.0,1
1.9269787740243518,8.889999999999855,1385.0,1
1.926816090467647,8.889999999999855,1386.0,1
1.9266534744296757,8.889999999999855,1387.0,1
1.926490925948021,8.889999999999855,1388.0,1
1.9263284450600169,8.889999999999855,1389.0,1
1.9261660318038674,8.889999999999855,1390.0,1
1.9260036862163477,8.889999999999855,1391.0,1
1.9258414083344422,8.889999999999855,1392.0,1
1.9256791981960666,8.889999999999855,1393.0,1
1.9255170558340822,8.889999999999855,1394.0,1
1.9253549812870787,8.889999999999855,1395.0,1
1.9251929745892395,8.889999999999855,1396.0,1
1.9250310357758291,8.889999999999855,1397.0,1
1.924869164880822,8.879999999999855,1398.0,1
1.9247073619388761,8.879999999999855,1399.0,1
1.9245456269841275,8.879999999999855,1400.0,1
1.9243839600483672,8.879999999999855,1401.0,1
1.9242223611671514,8.879999999999855,1402.0,1
1.9240608303700895,8.879999999999855,1403.0,1
1.9238993676918872,8.879999999999855,1404.0,1
1.9237379731649047,8.879999999999855,1405.0,1
1.9235766468171223,8.879999999999855,1406.0,1
1.9234153886841814,8.879999999999855,1407.0,1
1.9232541987933658,8.879999999999855,1408.0,1
1.9230930771767647,8.879999999999855,1409.0,1
1.922932023865289,8.879999999999855,1410.0,1
1.9227710388865349,8.879999999999855,1411.0,1
1.922610122271817,8.879999999999855,1412.0,1
1.9224492740502428,8.879999999999855,1413.0,1
1.9222884942480598,8.869999999999855,1414.0,1
1.9221277828959635,8.869999999999855,1415.0,1
1.9219671400225262,8.869999999999855,1416.0,1
1.9218065656521066,8.869999999999855,1417.0,1
1.9216460598145533,8.869999999999855,1418.0,1
1.9214856225370192,8.869999999999855,1419.0,1
1.921325253845189,8.869999999999855,1420.0,1
1.9211649537662159,8.869999999999855,1421.0,1
1.9210047223252316,8.869999999999855,1422.0,1
1.9208445595468298,8.869999999999855,1423.0,1
1.9206844654582944,8.869999999999855,1424.0,1
1.9205244400841983,8.869999999999855,1425.0,1
1.9203644834482898,8.869999999999855,1426.0,1
1.9202045955771154,8.869999999999855,1427.0,1
1.920044776489815,8.869999999999855,1428.0,1
1.919885026214767,8.859999999999856,1429.0,1
1.919725344773327,8.859999999999856,1430.0,1
1.9195657321889297,8.859999999999856,1431.0,1
1.9194061884843305,8.859999999999856,1432.0,1
1.9192467136810267,8.859999999999856,1433.0,1
1.9190873078021322,8.859999999999856,1434.0,1
1.9189279708696396,8.859999999999856,1435.0,1
1.9187687029024887,8.859999999999856,1436.0,1
1.918609503924144,8.859999999999856,1437.0,1
1.9184503739549756,8.859999999999856,1438.0,1
1.9182913130153836,8.859999999999856,1439.0,1
1.9181323211255774,8.859999999999856,1440.0,1
1.9179733983044935,8.859999999999856,1441.0,1
1.9178145445727242,8.859999999999856,1442.0,1
1.9176557599493478,8.859999999999856,1443.0,1
1.917497044453064,8.849999999999856,1444.0,1
1.9173383981025143,8.849999999999856,1445.0,1
1.9171798209164879,8.849999999999856,1446.0,1
1.9170213129127183,8.849999999999856,1447.0,1
1.9168628741088216,8.849999999999856,1448.0,1
1.9167045045230096,8.849999999999856,1449.0,1
1.9165462041722905,8.849999999999856,1450.0,1
1.9163879730723565,8.849999999999856,1451.0,1
1.9162298112400376,8.849999999999856,1452.0,1
1.9160717186922083,8.849999999999856,1453.0,1
1.9159136954452731,8.849999999999856,1454.0,1
1.9157557415148185,8.849999999999856,1455.0,1
1.9155978569161667,8.849999999999856,1456.0,1
1.9154400416658646,8.849999999999856,1457.0,1
1.915282295774372,8.849999999999856,1458.0,1
1.915124619261379,8.849999999999856,1459.0,1
1.9149670121386257,8.839999999999856,1460.0,1
1.9148094744205642,8.839999999999856,1461.0,1
1.9146520061210817,8.839999999999856,1462.0,1
1.9144946072525266,8.839999999999856,1463.0,1
1.9143372778305339,8.839999999999856,1464.0,1
1.9141800178669546,8.839999999999856,1465.0,1
1.9140228273751536,8.839999999999856,1466.0,1
1.913865706365211,8.839999999999856,1467.0,1
1.9137086548513247,8.839999999999856,1468.0,1
1.9135516728450186,8.839999999999856,1469.0,1
1.9133947603583248,8.839999999999856,1470.0,1
1.9132379174030012,8.839999999999856,1471.0,1
1.9130811439871722,8.839999999999856,1472.0,1
1.9129244401250243,8.839999999999856,1473.0,1
1.9127678058258604,8.839999999999856,1474.0,1
1.912611241100431,8.839999999999856,1475.0,1
1.912454745958387,8.829999999999856,1476.0,1
1.912298320410212,8.829999999999856,1477.0,1
1.912141964464006,8.829999999999856,1478.0,1
1.9119856781306181,8.829999999999856,1479.0,1
1.9118294614191005,8.829999999999856,1480.0,1
1.9116733143382711,8.829999999999856,1481.0,1
1.911517236894076,8.829999999999856,1482.0,1
1.911361229098226,8.829999999999856,1483.0,1
1.9112052909581307,8.829999999999856,1484.0,1
1.9110494224800627,8.829999999999856,1485.0,1
1.9108936236738157,8.829999999999856,1486.0,1
1.9107378945442337,8.829999999999856,1487.0,1
1.9105822351006765,8.829999999999856,1488.0,1
1.9104266453492298,8.829999999999856,1489.0,1
1.910271125295966,8.829999999999856,1490.0,1
1.9101156749491484,8.829999999999856,1491.0,1
1.9099602943114478,8.819999999999856,1492.0,1
1.90980498339213,8.819999999999856,1493.0,1
1.9096497421956902,8.819999999999856,1494.0,1
1.9094945707273694,8.819999999999856,1495.0,1
1.9093394689930288,8.819999999999856,1496.0,1
1.9091844369969582,8.819999999999856,1497.0,1
1.9090294747454013,8.819999999999856,1498.0,1
1.908874582240709,8.819999999999856,1499.0,1
1.9087197594878735,8.819999999999856,1500.0,1
