Mass,Radius,Pressure,k2,yR,yR_ext,Type
0.03214107087401337,3.46999999999997,1.5,0.7287507177873896,1.9820732322194914,-1.0311313357179728,1
0.03531612559082405,3.5799999999999677,1.6,0.7258012692193336,1.9808844252961249,-1.0305718551641025,1
0.03856928843057261,3.6799999999999655,1.7000000000000002,0.7140940033586116,1.9796994926526148,-1.0153386985388075,1
0.041896181547386536,3.789999999999963,1.8000000000000003,0.7223532844131815,1.9785184213418252,-1.0334035898150518,1
0.04529278003965663,3.8799999999999613,1.9000000000000004,0.7070514823577129,1.9773411984579587,-1.0119397469814702,1
0.04875536678088552,3.979999999999959,2.0000000000000004,0.7099649281705047,1.976167811144556,-1.021112242280869,1
0.05228049522837699,4.069999999999958,2.1000000000000005,0.7033844569479027,1.974998246583464,-1.014126706983282,1
0.05586495836518078,4.159999999999956,2.2000000000000006,0.7004025864470398,1.9738324920059402,-1.0132075720751907,1
0.05950576263048574,4.249999999999954,2.3000000000000007,0.700521448598111,1.9726705346798692,-1.01758497914004,1
0.06320010572281626,4.339999999999952,2.400000000000001,0.7033773878354385,1.9715123619187633,-1.0266277095311305,1
0.06694535763441026,4.41999999999995,2.500000000000001,0.6968054028423666,1.9703579610804955,-1.019474668734107,1
0.07073904427934942,4.4999999999999485,2.600000000000001,0.6928366419351244,1.969207319572475,-1.0167176363774155,1
0.07457883337507666,4.579999999999947,2.700000000000001,0.6911496405515378,1.968060424831621,-1.0178816864292712,1
0.07846252196381168,4.659999999999945,2.800000000000001,0.691496622868959,1.9669172643509096,-1.0225652811055133,1
0.08238802560349717,4.729999999999944,2.9000000000000012,0.6828668550969209,1.9657778256607046,-1.0115034228259303,1
0.08635336875740929,4.809999999999942,3.0000000000000013,0.6868211593934507,1.9646420963333642,-1.0225041099221344,1
0.0903566762714461,4.87999999999994,3.1000000000000014,0.6818313970971058,1.9635100639872496,-1.0177492556109011,1
0.09439616581221151,4.949999999999939,3.2000000000000015,0.6785090919102436,1.962381716282716,-1.0158725842473224,1
0.09847014109578066,5.019999999999937,3.3000000000000016,0.6766863988576265,1.9612570409210226,-1.016622503122777,1
0.10257698579283112,5.089999999999936,3.4000000000000017,0.6762277027461355,1.960136025647382,-1.0197794730908074,1
0.10671515804544178,5.149999999999935,3.5000000000000018,0.667371729279812,1.9590186582514533,-1.0078349004221256,1
0.11088318553664049,5.219999999999933,3.600000000000002,0.6694038842036967,1.9579049265612665,-1.0154472369739809,1
0.11507966096136747,5.279999999999932,3.700000000000002,0.6631614757991943,1.9567948184518413,-1.0080620288806794,1
0.11930323797272968,5.34999999999993,3.800000000000002,0.6672934679941023,1.955688321836825,-1.019467046904647,1
0.1235526274295529,5.409999999999929,3.900000000000002,0.6632311828398005,1.9545854246741066,-1.015988367304572,1
0.127826593999079,5.469999999999928,4.000000000000002,0.6602153593096461,1.9534861149625447,-1.0143594426618074,1
0.13212395301624272,5.5299999999999265,4.100000000000002,0.6581602623901589,1.9523903807449627,-1.0144512900886327,1
0.13644356762671528,5.589999999999925,4.200000000000003,0.6569935262507562,1.9512982101039933,-1.0161482528258232,1
0.14078434612903074,5.639999999999924,4.3000000000000025,0.6481582403421264,1.9502095911642814,-1.0036066840271947,1
0.14514523952554284,5.699999999999923,4.400000000000002,0.6486629379420327,1.9491245120933527,-1.0083588209997416,1
0.14952523926271366,5.759999999999922,4.500000000000003,0.6498836195419263,1.9480429611010697,-1.0144237537535694,1
0.1539233751483937,5.809999999999921,4.600000000000003,0.643599674604738,1.9469649264366304,-1.0064492463191432,1
0.1583387133948902,5.869999999999919,4.700000000000003,0.6461737359983438,1.9458903963908607,-1.0150367880041682,1
0.16277035480068333,5.919999999999918,4.8000000000000025,0.6413532495083459,1.944819359297785,-1.0097238463850504,1
0.167217433078201,5.969999999999917,4.900000000000003,0.6372609537547538,1.9437518035313788,-1.0057045665462623,1
0.17167911327198093,6.019999999999916,5.0,0.6338424778834718,1.9426877175071446,-1.002903983173761,1
0.2169350473630139,6.499999999999906,6.0,0.6147464700468063,1.9322351736262269,-1.0021078692289354,1
0.26291867215780995,6.919999999999897,7.0,0.5960103597799489,1.922117161989907,-0.999325643556594,1
0.30914617365525,7.289999999999889,8.0,0.5766213068682833,1.9123227593644467,-0.9924973647648125,1
0.35526434979792254,7.629999999999882,9.0,0.5629374332234606,1.9028414291819244,-0.9953196524326609,1
0.40101265406787345,7.929999999999875,10.0,0.545959618059343,1.893663009787854,-0.9887885662198135,1
0.4461982041601137,8.19999999999987,11.0,0.5288360284962191,1.8847777025061596,-0.979494408542501,1
0.49067858116439744,8.449999999999864,12.0,0.5143424330896281,1.8761760596259656,-0.9740122948335892,1
0.5343495908625552,8.68999999999986,13.0,0.5049124405841061,1.8678489724468992,-0.9788030603010618,1
0.5771363304505469,8.899999999999855,14.0,0.49122649122378365,1.8597876594180038,-0.9715531023372794,1
0.6189865353484838,9.08999999999985,15.0,0.476875149681785,1.851983654458663,-0.9606358419731795,1
0.6598655439439317,9.279999999999847,16.0,0.4682875180656714,1.8444287954790288,-0.962872411525127,1
0.6997524364089958,9.449999999999843,17.0,0.4576582395499205,1.837115213187151,-0.9583335812108678,1
0.7386370423645611,9.60999999999984,18.0,0.4480398039932858,1.8300353201518913,-0.955057121488029,1
0.7765176011271435,9.749999999999837,19.0,0.43597887557382126,1.823181800186434,-0.9435246214616693,1
0.8133989190614443,9.889999999999834,20.0,0.4273244405683159,1.8165475980406782,-0.9401289977213199,1
0.84929090968058,10.01999999999983,21.0,0.41868518255145687,1.8101259094253226,-0.9355370454381993,1
0.8842074314404706,10.139999999999828,22.0,0.40988028574284435,1.8039101713660695,-0.9292195162363583,1
0.9181653589617237,10.259999999999826,23.0,0.40337324646946365,1.7978940528926801,-0.9287077284905723,1
0.9511838386839305,10.369999999999823,24.0,0.3962905286905455,1.7920714460571736,-0.925446005220633,1
0.9832836910088344,10.469999999999821,25.0,0.3885687768202245,1.7864364572901594,-0.9191520430615585,1
1.0144869297501269,10.55999999999982,26.0,0.38017214646657815,1.7809833990674928,-0.9095961306188993,1
1.0448163755252853,10.659999999999817,27.0,0.37565585273592267,1.775706781909334,-0.9116923873069729,1
1.0742953450992414,10.739999999999815,28.0,0.367925662409749,1.7706013066827735,-0.9023416180200354,1
1.1029474021302241,10.819999999999814,29.0,0.3615184923930269,1.7656618572077283,-0.896457451571403,1
1.1307961577262386,10.899999999999812,30.0,0.35626447152590696,1.7608834931596336,-0.8936958153287191,1
1.1578651115970007,10.96999999999981,31.0,0.3499691777523038,1.7562614432540948,-0.88652730939344,1
1.1841775262082865,11.039999999999809,32.0,0.34466403515404287,1.7517910987123797,-0.8820583124616987,1
1.2097563280797827,11.109999999999808,33.0,0.34023498646513667,1.747468006982838,-0.8800446063375247,1
1.2346240309625858,11.169999999999806,34.0,0.33467443067848346,1.7432878657333701,-0.8732397854096539,1
1.2588026772076784,11.229999999999805,35.0,0.3298900820221281,1.7392465170808564,-0.8686007109338343,1
1.2823137938804015,11.289999999999804,36.0,0.3257992777987445,1.7353399420602378,-0.8659457189176913,1
1.3051783608985768,11.339999999999803,37.0,0.32054496294249374,1.7315642553251556,-0.8582572573895428,1
1.327416789060139,11.389999999999802,38.0,0.3159222157485974,1.7279157000657162,-0.8523498332571953,1
1.3490489061024742,11.4399999999998,39.0,0.3118673419511924,1.7243906431369351,-0.8480828855756501,1
1.3700939492777584,11.4899999999998,40.0,0.3083259427056326,1.7209855703898576,-0.8453312646348004,1
1.390570563190895,11.529999999999799,41.0,0.3036070679530107,1.7176970821972384,-0.8373295155762623,1
1.410496801978417,11.569999999999798,42.0,0.2993717680902324,1.714521889160644,-0.8307167420789743,1
1.4298901347630069,11.609999999999797,43.0,0.29557503705975435,1.711456808001628,-0.8253916486031114,1
1.4487674539441386,11.649999999999796,44.0,0.29217778153600404,1.7084987576167168,-0.8212630414207103,1
1.4671450855660568,11.689999999999795,45.0,0.28914590542799373,1.7056447552976886,-0.8182486303782526,1
1.485038801274262,11.719999999999795,46.0,0.28495415286501297,1.70289191310959,-0.8098366072114465,1
1.5024638315928542,11.759999999999794,47.0,0.2825861544943878,1.7002374344146223,-0.8088654766455938,1
1.5194348801037656,11.789999999999793,48.0,0.27905262390013563,1.697678610539438,-0.8024356579055771,1
1.535966138250231,11.819999999999792,49.0,0.2758219115418348,1.6952128175794803,-0.7969207991127507,1
1.5520713005794708,11.849999999999792,50.0,0.2728700425494797,1.6928375133331721,-0.7922627640953006,1
1.5677635802234313,11.879999999999791,51.0,0.2701757054407596,1.6905502343608603,-0.7884084335939325,1
1.583055724488692,11.89999999999979,52.0,0.26636478468179237,1.6883485931626767,-0.7790835436357781,1
1.5979600303928838,11.92999999999979,53.0,0.2641470705741402,1.686230275470984,-0.7767217588378337,1
1.6124883600887459,11.94999999999979,54.0,0.2608193199869885,1.6841930376514476,-0.7688640924659274,1
1.6266521561090734,11.979999999999789,55.0,0.25901106369675775,1.6822347042081267,-0.7678229049229128,1
1.6404624563043484,11.999999999999789,56.0,0.25609972393371877,1.680353165388898,-0.7612662954630145,1
1.6539299084993155,12.019999999999788,57.0,0.25338507327119403,1.6785463748857703,-0.7553205982345768,1
1.6670647847519355,12.039999999999788,58.0,0.2508535172906338,1.6768123476266767,-0.749951511148963,1
1.679876995327967,12.059999999999787,59.0,0.24849274423761292,1.6751491576539959,-0.745127297015824,1
1.6923761021960393,12.079999999999787,60.0,0.24629157929265735,1.673554936087146,-0.7408185545876511,1
1.704571332114072,12.099999999999786,61.0,0.24423985822630812,1.6720278691646802,-0.7369980133844067,1
1.7164715893415925,12.109999999999786,62.0,0.24115091730695543,1.6705661963628096,-0.7276942518452438,1
1.728085467891116,12.129999999999786,63.0,0.23938322000068607,1.669168208586977,-0.7247963673457756,1
1.7394212633823065,12.149999999999785,64.0,0.23773863403825957,1.6678322464335427,-0.7223146562024572,1
1.750486984458259,12.159999999999785,65.0,0.23507366973346697,1.6665566985183553,-0.7143499846205856,1
1.7612903637589652,12.169999999999785,66.0,0.2325444923244477,1.6653399998688843,-0.7068054297724677,1
1.7718388685879625,12.189999999999785,67.0,0.23124695739344475,1.6641806303793605,-0.7054869533053567,1
1.7821397110161143,12.199999999999784,68.0,0.22895015691941195,1.6630771133220206,-0.6986965732911221,1
1.7921998577662661,12.209999999999784,69.0,0.22676683872620823,1.662028013917698,-0.6922681150876557,1
1.8020260395791283,12.229999999999784,70.0,0.22575910824985398,1.661031937957673,-0.6919513576254912,1
1.811624760283767,12.239999999999783,71.0,0.22377090212163547,1.6600875304786429,-0.6861746535735385,1
1.821002305490329,12.249999999999783,72.0,0.22187860275506419,1.6591934744868087,-0.6807119579208671,1
1.8301647509362977,12.259999999999783,73.0,0.22007697769189905,1.658348489729451,-0.6755489049995793,1
1.8391179704960878,12.269999999999783,74.0,0.2183611755382537,1.6575513315119206,-0.6706719910915797,1
1.8478676438359092,12.279999999999783,75.0,0.21672669219362276,1.6568007895568906,-0.6660685126081862,1
1.8564192638459294,12.289999999999782,76.0,0.21516934056688014,1.6560956869088383,-0.6617265093204461,1
1.8647781436909405,12.289999999999782,77.0,0.21269248822014616,1.6554348788756812,-0.6519976646724364,1
1.8729494235437771,12.299999999999782,78.0,0.2112867296586084,1.6548172520071143,-0.6481609087336575,1
1.8809380771671782,12.309999999999782,79.0,0.20994674781004952,1.6542417231154156,-0.6445530223134421,1
1.8887489181363508,12.319999999999782,80.0,0.20866940120879227,1.653707238327793,-0.6411645662639167,1
1.8963866057871959,12.319999999999782,81.0,0.2064971283699587,1.653212772171278,-0.6324164476074432,1
1.9038556509998579,12.329999999999782,82.0,0.2053435098390653,1.6527573266943656,-0.6294534280783242,1
1.9111604216545532,12.339999999999781,83.0,0.20424391223531027,1.6523399306149091,-0.6266839257880408,1
1.918305147992742,12.339999999999781,84.0,0.20226694181771038,1.6519596385055482,-0.6185759949526628,1
1.9252939275991479,12.349999999999781,85.0,0.2012743684166648,1.6516155299984285,-0.6161824648189513,1
1.9321307303004804,12.349999999999781,86.0,0.19941680315646937,1.6513067090248053,-0.6084667317528833,1
1.9388194028132333,12.359999999999781,87.0,0.19852156430497298,1.651032303078113,-0.6064200372699444,1
1.9453636732184647,12.359999999999781,88.0,0.19677292607108748,1.6507914625035982,-0.5990667304130339,1
1.951767155254105,12.36999999999978,89.0,0.19596647482279753,1.6505833598125186,-0.5973406644796215,1
1.9580333524139373,12.36999999999978,90.0,0.19431747728408627,1.6504071890184395,-0.5903229153544243,1
1.9641656619058803,12.37999999999978,91.0,0.19359224759741525,1.6502621649980511,-0.5888938526591698,1
1.9701673784435554,12.37999999999978,92.0,0.19203463178726884,1.6501475228732687,-0.5821873587481785,1
1.9760416978945636,12.37999999999978,93.0,0.19052425341190074,1.6500625174151164,-0.5756361438116671,1
1.9817917207156734,12.38999999999978,94.0,0.18991029962435957,1.6500064224620299,-0.5746166882577197,1
1.9874204554072017,12.38999999999978,95.0,0.18848028830012187,1.649978530370971,-0.5683440447752339,1
1.992930821605805,12.38999999999978,96.0,0.18709205377068855,1.6499781514676508,-0.5622108591798951,1
1.9983256532987872,12.38999999999978,97.0,0.1857438787544698,1.6500046135364437,-0.5562122036571442,1
2.003607701707395,12.39999999999978,98.0,0.18525883561342293,1.6500572613091027,-0.5556755232456325,1
2.00877963814876,12.39999999999978,99.0,0.18397877556841066,1.6501354559780081,-0.5499183035847841,1
2.0138440568327622,12.39999999999978,100.0,0.18273437551782007,1.650238574731979,-0.5442824856489004,1
2.018803477433172,12.39999999999978,101.0,0.18152424127842537,1.6503660102928375,-0.5387639592381668,1
2.0236603476391566,12.39999999999978,102.0,0.18034704956355876,1.6505171704777122,-0.5333587947741414,1
2.028417045603092,12.39999999999978,103.0,0.17920154355756854,1.6506914777739154,-0.5280632337496092,1
2.033075882258735,12.39999999999978,104.0,0.17808652882513945,1.6508883689238854,-0.5228736798061462,1
2.0376391035781913,12.40999999999978,105.0,0.177783752992013,1.6511072945274343,-0.5230382473283159,1
2.0421088927292392,12.40999999999978,106.0,0.17672050218915755,1.651347718652992,-0.5180390308629443,1
2.0464873721720074,12.40999999999978,107.0,0.1756846655582849,1.6516091184666737,-0.5131362072050061,1
2.050776605648317,12.40999999999978,108.0,0.17467525613102713,1.651890983867646,-0.5083267408488721,1
2.054978600087639,12.40999999999978,109.0,0.17369133318830876,1.6521928171349933,-0.5036077215015355,1
2.059095307504269,12.40999999999978,110.0,0.17273199959139343,1.652514132593005,-0.4989763578229116,1
2.0631286267483477,12.40999999999978,111.0,0.1717963993092085,1.6528544562780974,-0.4944299716141638,1
2.067080405238818,12.40999999999978,112.0,0.1708837151034791,1.6532133256213732,-0.4899659922840869,1
2.0709524406014896,12.40999999999978,113.0,0.16999316637325823,1.6535902891381844,-0.4855819516636286,1
2.074746482274882,12.40999999999978,114.0,0.1691240071344244,1.6539849061298713,-0.4812754790801843,1
2.078464233037812,12.40999999999978,115.0,0.16827552413714048,1.654396746392798,-0.4770442967280428,1
2.082107350493541,12.40999999999978,116.0,0.16744703509923609,1.6548253899378949,-0.47288621528042385,1
2.08567744848616,12.40999999999978,117.0,0.16663788705645755,1.6552704267168876,-0.4687991297579035,1
2.0891760984793106,12.40999999999978,118.0,0.16584745481359972,1.6557314563587662,-0.46478101560571483,1
2.092604830860873,12.40999999999978,119.0,0.16507513949811517,1.6562080879108356,-0.4608299250105865,1
2.095965136253723,12.39999999999978,120.0,0.16361040597742255,1.6566999395951065,-0.451838565459197,1
2.099258466704182,12.39999999999978,121.0,0.16287653504062907,1.6572066385612783,-0.4480239774575405,1
2.102486236905923,12.39999999999978,122.0,0.1621590327837878,1.6577278206583388,-0.44427081194441764,1
2.1056498252930202,12.39999999999978,123.0,0.1614573960321471,1.6582631302000927,-0.44057739967165954,1
2.1087505752009994,12.39999999999978,124.0,0.16077114175425206,1.6588122197535677,-0.43694213214322786,1
2.111789795888806,12.39999999999978,125.0,0.1600998060796623,1.659374749918964,-0.43336345899085194,1
2.1147687635928154,12.39999999999978,126.0,0.15944294335874842,1.659950389126344,-0.4298398854066192,1
2.117688722498873,12.39999999999978,127.0,0.15880012528705778,1.6605388134313692,-0.42636996975724095,1
2.120550885701663,12.38999999999978,128.0,0.15749327684373693,1.6611397063201814,-0.4179142283267825,1
2.1233564361250243,12.38999999999978,129.0,0.1568805274677041,1.6617527585190335,-0.4145541617561068,1
2.1261065274511592,12.38999999999978,130.0,0.15628056033525775,1.6623776678162268,-0.4112435762813005,1
2.1288022849069526,12.38999999999978,131.0,0.15569301095357194,1.6630141388707125,-0.407981224951836,1
2.1314448061875693,12.38999999999978,132.0,0.15511752836454254,1.6636618830535999,-0.4047659034593827,1
2.1340351621812506,12.37999999999978,133.0,0.1538948209519881,1.6643206182660581,-0.3965982641748711,1
2.1365743977898894,12.37999999999978,134.0,0.15334530441754932,1.6649900687827495,-0.39347949168829044,1
2.139063532669286,12.37999999999978,135.0,0.1528068145303289,1.6656699650907816,-0.39040424418900543,1
2.1415035619533054,12.37999999999978,136.0,0.15227905049498577,1.6663600437346824,-0.3873714744705292,1
2.1438954569450024,12.37999999999978,137.0,0.15176172221301906,1.6670600471641186,-0.38438016988796475,1
2.1462401658242705,12.36999999999978,138.0,0.1506124731120556,1.667769723593038,-0.3764676119965815,1
2.1485386142757164,12.36999999999978,139.0,0.1501177089081408,1.668488826852602,-0.3735616389702119,1
2.150791706115419,12.36999999999978,140.0,0.14963251617577475,1.6692171162515723,-0.37069417113395997,1
2.1530003239526394,12.36999999999978,141.0,0.14915664465885353,1.6699543564510548,-0.3678643235133159,1
2.1551653297243507,12.359999999999781,142.0,0.148060776131329,1.6707003173229376,-0.3601380309130915,1
2.1572875653130312,12.359999999999781,143.0,0.14760513167033962,1.6714547738311414,-0.3573857334648187,1
2.159367853075085,12.359999999999781,144.0,0.14715805990334707,1.6722175059029813,-0.3546684608210813,1
2.1614069963965035,12.359999999999781,145.0,0.14671934391242258,1.6729882983125202,-0.35198543670820603,1
2.163405780203568,12.349999999999781,146.0,0.14567176994217598,1.673766940561861,-0.3444294368336851,1
2.1653649714700736,12.349999999999781,147.0,0.14525124833640193,1.6745532267681584,-0.341817115400632,1
2.167285319704308,12.349999999999781,148.0,0.14483843122529713,1.675346955552873,-0.3392367583436995,1
2.1691675574329965,12.339999999999781,149.0,0.14382540065905702,1.6761479299365292,-0.3318021610736197,1
2.1710124006270544,12.339999999999781,150.0,0.1434294007215236,1.6769559572275223,-0.32928785469442867,1
2.172820549185277,12.339999999999781,151.0,0.14304051773479548,1.6777708489285121,-0.3268034340222914,1
2.1745926873392327,12.339999999999781,152.0,0.142658581237483,1.6785924206322327,-0.32434827705456293,1
2.1763294840801137,12.329999999999782,153.0,0.14168635845479874,1.6794204919272038,-0.317060222059526,1
2.1780315935587957,12.329999999999782,154.0,0.14131963228340327,1.6802548863031188,-0.31466559836584906,1
2.179699655467874,12.329999999999782,155.0,0.14095933757295726,1.6810954310574953,-0.3122983979257825,1
2.181334295440248,12.319999999999782,156.0,0.14001653827958258,1.6819419572108054,-0.3051155273960684,1
2.1829361254044097,12.319999999999782,157.0,0.13967035752134144,1.6827942994172231,-0.3028050902035846,1
2.184505743928901,12.319999999999782,158.0,0.13933014113166456,1.6836522958775433,-0.3005203940914878,1
2.186043736603337,12.309999999999782,159.0,0.13841486718532642,1.6845157882648134,-0.2934366634036081,1
2.1875506763374295,12.309999999999782,160.0,0.13808776768976783,1.6853846216362802,-0.29120527638993043,1
2.1890271237101064,12.309999999999782,161.0,0.1377662080480002,1.686258644360728,-0.2889980902111833,1
2.1904736272558485,12.299999999999782,162.0,0.13687672590211297,1.6871377080359147,-0.28200794380969585,1
2.191890723820294,12.299999999999782,163.0,0.13656737455541207,1.68802166742584,-0.2798508965291209,1
2.193278938811421,12.299999999999782,164.0,0.13626317647110017,1.688910380378209,-0.2777166374013118,1
2.194638786506173,12.299999999999782,165.0,0.1359640193583947,1.6898037077583177,-0.27560474356142484,1
2.195970770318858,12.289999999999782,166.0,0.13510508030184473,1.6907015133778989,-0.2687279259424362,1
2.1972753831004397,12.289999999999782,167.0,0.13481706142218067,1.6916036639349106,-0.26666238152464294,1
2.198553107380792,12.279999999999783,168.0,0.13397453546965304,1.6925100289434751,-0.2598444581601662,1
2.1998044156267107,12.279999999999783,169.0,0.13369713634740613,1.6934204806709154,-0.25782345439850207,1
2.2010297704801456,12.279999999999783,170.0,0.13342421530832738,1.6943348940733742,-0.25582274663594884,1
2.2022296250290068,12.269999999999783,171.0,0.13260310401733436,1.6952531467426477,-0.24908422083400006,1
2.2034044230112486,12.269999999999783,172.0,0.13234010724215448,1.696175118840031,-0.24712557857639972,1
2.204554599076957,12.269999999999783,173.0,0.13208129327587037,1.6971006930474146,-0.24518613156605729,1
2.205680578974999,12.259999999999783,174.0,0.13128036710498928,1.698029754502868,-0.23852297432430336,1
2.2067827797860162,12.259999999999783,175.0,0.1310308389281381,1.6989621907505108,-0.2366233064996146,1
2.207861610123544,12.259999999999783,176.0,0.13078522271061752,1.6998978916854062,-0.2347418178641958,1
2.2089174703543395,12.249999999999783,177.0,0.13000334829610413,1.7008367495060255,-0.2281502969680136,1
2.209950752775771,12.249999999999783,178.0,0.12976643077344796,1.7017786586586139,-0.2263064725108479,1
2.210961841824127,12.249999999999783,179.0,0.1295331763533873,1.7027235157919929,-0.22447988792132456,1
2.2119511142382655,12.239999999999783,180.0,0.12876930728129177,1.7036712197034816,-0.21795654113885998,1
2.21291893927893,12.239999999999783,181.0,0.12854421084778558,1.7046216713017512,-0.21616566134741588,1
2.2138656788744906,12.239999999999783,182.0,0.12832254851176275,1.7055747735530111,-0.2143911517994881,1
2.2147916877837246,12.229999999999784,183.0,0.12757571712943727,1.7065304314338599,-0.20793276288061402,1
2.215697313818804,12.229999999999784,184.0,0.12736171403094587,1.7074885519024896,-0.20619214035217737,1
2.2165828979356514,12.219999999999784,185.0,0.12662691188702438,1.708449043836949,-0.1997785640016323,1
2.2174487744514813,12.219999999999784,186.0,0.12642024411119654,1.7094118180094424,-0.19807065898709997,1
2.218295271155903,12.219999999999784,187.0,0.12621666257180858,1.7103767870342823,-0.19637779875160155,1
2.2191227094906796,12.209999999999784,188.0,0.12549741249813343,1.711343865336389,-0.19002426067926126,1
2.2199314046837144,12.209999999999784,189.0,0.12530072975814713,1.712312969109479,-0.18836251061068032,1
2.2207216658833406,12.209999999999784,190.0,0.12510694878619502,1.7132840162762475,-0.18671509318654045,1
2.2214937963178714,12.199999999999784,191.0,0.12440246122300835,1.7142569264574246,-0.18041893638884998,1
2.222248093394296,12.199999999999784,192.0,0.12421517486925603,1.7152316209258869,-0.1788011325986314,1
2.222984848875576,12.189999999999785,193.0,0.1235212159614005,1.71620802258444,-0.1725449001038366,1
2.2237043489780715,12.189999999999785,194.0,0.12334016058875788,1.7171860559231673,-0.17095574329355223,1
2.2244068744955765,12.189999999999785,195.0,0.12316172523334894,1.718165646985851,-0.16937982796581363,1
2.225092700936394,12.179999999999785,196.0,0.12248130943433477,1.7191467233418285,-0.16317689268134128,1
2.2257620986159874,12.179999999999785,197.0,0.12230874915690407,1.7201292140468638,-0.1616282933784492,1
2.2264153328005105,12.179999999999785,198.0,0.12213865884488422,1.7211130496201497,-0.16009234683434737,1
2.227052663802753,12.169999999999785,199.0,0.12147113558967135,1.7220981620092854,-0.15394049417950528,1
2.227674347093784,12.169999999999785,200.0,0.1213065896830188,1.7230844845612747,-0.152430620289143,1
2.2282806334143244,12.159999999999785,201.0,0.1206483549388594,1.7240719519949204,-0.14631461312021665,1
2.2288717688634287,12.159999999999785,202.0,0.12048913688471806,1.7250605003681059,-0.14483000579127903,1
2.2294479950149753,12.159999999999785,203.0,0.12033215845715813,1.7260500670545313,-0.14335714466937577,1
2.2300095490087513,12.149999999999785,204.0,0.11968580596963369,1.7270405907144888,-0.13728880056566606,1
2.230556663650486,12.149999999999785,205.0,0.11953386261456747,1.7280320112695702,-0.13584009420224463,1
2.2310895674965416,12.139999999999786,206.0,0.11889612514956249,1.7290242698741298,-0.12980537470717346,1
2.231608484960112,12.139999999999786,207.0,0.11874902468060142,1.7300173088944524,-0.12838010074471096,1
2.2321136363838114,12.139999999999786,208.0,0.11860395999976721,1.7310110718791436,-0.12696576235472845,1
2.2326052381292585,12.129999999999786,209.0,0.11797720328493903,1.7320055035357471,-0.12097563422327595,1
2.2330835026770934,12.129999999999786,210.0,0.11783672143266134,1.7330005497118126,-0.11958373088314334,1
2.2335486386930863,12.129999999999786,211.0,0.1176981661476225,1.7339961573668274,-0.11820232295647148,1
2.234000851113163,12.119999999999786,212.0,0.1170819066622583,1.7349922745510014,-0.11225511064991212,1
2.2344403412225624,12.119999999999786,213.0,0.11694769138193514,1.7359888503833512,-0.11089520135081843,1
2.2348673067246416,12.109999999999786,214.0,0.11633912049278891,1.7369858350276925,-0.10497852267900765,1
2.2352819418288132,12.109999999999786,215.0,0.11620908526169324,1.7379831796756215,-0.10363950163265834,1
2.2356844373294806,12.109999999999786,216.0,0.1160808077007917,1.7389808365277688,-0.10231029313986939,1
2.23607498063776,12.099999999999786,217.0,0.11548197699155163,1.7399787587612325,-0.09643392563935271,1
2.2364537559111985,12.099999999999786,218.0,0.11535766276954698,1.7409769005287803,-0.09512476124732983,1
2.236820944047921,12.089999999999787,219.0,0.11476601166825946,1.7419752169162266,-0.08927722701194285,1
2.2371767228325985,12.089999999999787,220.0,0.11464551773478189,1.7429736639488806,-0.08798755543618997,1
2.237521266938752,12.089999999999787,221.0,0.11452663083401243,1.7439721985532448,-0.08670708076445899,1
2.237854748019204,12.079999999999787,222.0,0.11394403903905469,1.7449707785476365,-0.08089750044157484,1
2.2381773347622054,12.079999999999787,223.0,0.1138287784876478,1.7459693626227657,-0.07963575540412116,1
2.2384891929537614,12.079999999999787,224.0,0.1137150438345098,1.746967910325145,-0.07838287102127217,1
2.2387904855348686,12.069999999999787,225.0,0.11314114458812108,1.7479663820396696,-0.07260995195398756,1
2.2390813726553382,12.069999999999787,226.0,0.11303085442018569,1.748964738971903,-0.07137507739722415,1
2.239362011731069,12.059999999999787,227.0,0.11246342825708906,1.7499629431322654,-0.06562860358279576,1
2.239632557514762,12.059999999999787,228.0,0.11235646214633041,1.7509609573254612,-0.06441126741366898,1
2.239893162110041,12.059999999999787,229.0,0.11225089565366664,1.751958745121958,-0.06320226671116802,1
2.2401439750625722,12.049999999999788,230.0,0.11169158351230524,1.752956270855638,-0.057490432584135,1
2.2403851434068662,12.049999999999788,231.0,0.11158917764995306,1.7539534996076263,-0.05629831661144458,1
2.2406168116929566,12.039999999999788,232.0,0.11103594640426243,1.7549503971839697,-0.05061160197681058,1
2.240839122049345,12.039999999999788,233.0,0.11093659275226336,1.755946930106159,-0.049435941901955216,1
2.241052214219289,12.039999999999788,234.0,0.11083852531595678,1.7569430655933322,-0.048268140198647336,1
2.2412562256409365,12.029999999999788,235.0,0.1102928841838871,1.757938771560036,-0.04261422342178056,1
2.241451291452595,12.029999999999788,236.0,0.11019772174243579,1.7589340165892626,-0.04146228244616457,1
2.241637544557744,12.029999999999788,237.0,0.11010378416438527,1.759928769926327,-0.04031793784176596,1
2.2418151156628503,12.019999999999788,238.0,0.10956544995321733,1.7609230014641641,-0.034695804042112144,1
2.2419841333176946,12.019999999999788,239.0,0.10947427880192488,1.761916681730043,-0.03356675650266938,1
2.2421447239679586,12.009999999999788,240.0,0.10894147680898326,1.7629097818770916,-0.027967865181706797,1
2.2422970119806847,12.009999999999788,241.0,0.1088529798993371,1.7639022736670866,-0.026853744010568725,1
2.242441119694552,12.009999999999788,242.0,0.10876561180855313,1.764894129462311,-0.02574680748767877,1
2.242577167460829,11.999999999999789,243.0,0.1082396669534195,1.765885322214821,-0.020178103484258747,1
2.2427052736540394,11.999999999999789,244.0,0.10815484782916561,1.7668758254455788,-0.019085578026600825,1
2.2428255547521583,11.989999999999789,245.0,0.1076341278011678,1.7678656132484714,-0.013539065877423928,1
2.2429381253505345,11.989999999999789,246.0,0.10755177416462426,1.7688546602716915,-0.01246061211203231,1
2.2430430981874614,11.989999999999789,247.0,0.10747046257601278,1.769842941703581,-0.011388966380208254,1
2.2431405841956615,11.979999999999789,248.0,0.10695618988067852,1.7708304332681797,-0.00587117899992351,1
2.2432306925213323,11.979999999999789,249.0,0.10687723028175584,1.771817111209696,-0.004813132737693904,1
2.24331353057884,11.979999999999789,250.0,0.10679926560713988,1.7728029522902262,-0.003761686650858742,1
2.2433892040643295,11.96999999999979,251.0,0.10629121811456903,1.7737879337732307,0.0017281853545130232,1
2.2434578169885584,11.96999999999979,252.0,0.10621549824334432,1.7747720334142933,0.0027664808892209347,1
2.2435194717234337,11.95999999999979,253.0,0.10571224258064407,1.7757552294573078,0.008235659426563124,1
2.243574269009812,11.95999999999979,254.0,0.10563869591101063,1.7767375006170956,0.00926110066429131,1
2.2436223080102518,11.95999999999979,255.0,0.10556607000747421,1.7777188260787002,0.010280270195841101,1
2.243663686319921,11.94999999999979,256.0,0.1050686844808264,1.7786991854819532,0.015722812033193145,1
2.24369850000369,11.94999999999979,257.0,0.10499813435807005,1.7796785589159008,0.016729540168299195,1
2.2437268436253857,11.93999999999979,258.0,0.1045052960380114,1.78065692691082,0.022152233412144895,1
2.2437488102759016,11.93999999999979,259.0,0.10443675652173363,1.7816342704302122,0.023146792966529883,1
2.2437644915775317,11.93999999999979,260.0,0.1043690704160379,1.7826105708543516,0.024135383170924785,1
2.243773977759692,11.92999999999979,261.0,0.10388177696368028,1.7835858099906008,0.02953261808668528,1
2.243777357622272,11.92999999999979,262.0,0.10381601275229776,1.7845599700425314,0.03050942031642645,1
2.2437747186215664,11.92999999999979,263.0,0.10375106524705183,1.7855330336248005,0.03148042088381264,1
2.2437661468451346,11.91999999999979,264.0,0.10326913997142086,1.7865049837371472,0.036852852195865315,1
2.2437517270657277,11.91999999999979,265.0,0.10320603033611132,1.787475803768125,0.03781242784651773,1
2.243731542758479,11.90999999999979,266.0,0.10272830562381567,1.7884454774855212,0.043166223424413896,1
2.2437056761015044,11.90999999999979,267.0,0.10266697752398052,1.7894139890207537,0.044114614433023336,1
2.2436742080485987,11.90999999999979,268.0,0.10260640809717039,1.790381322880822,0.04505747006320515,1
2.243637218298422,11.89999999999979,269.0,0.10213376741721185,1.7913474639215032,0.050387500746824854,1
2.2435947853527574,11.89999999999979,270.0,0.10207490279307392,1.7923123973545112,0.051319507530152464,1
2.243546986511367,11.89999999999979,271.0,0.10201676516322412,1.7932761087308835,0.052246126996481124,1
2.2434938979130425,11.889999999999791,272.0,0.10154905399643194,1.794238583942285,0.05755297125292147,1
2.243435594549743,11.889999999999791,273.0,0.10149254837345865,1.7951998092123098,0.05846906279481101,1
2.2433721502798227,11.879999999999791,274.0,0.10102873337103029,1.7961597710877235,0.06375834316862039,1
2.2433036378585633,11.879999999999791,275.0,0.100973810848765,1.7971184564366,0.06466411948885886,1
2.2432301289490564,11.879999999999791,276.0,0.10091956509245573,1.7980758524391816,0.06556474430803072,1
2.243151694136256,11.869999999999791,277.0,0.10046043022795194,1.7990319465802007,0.07083175812100961,1
2.243068402969206,11.869999999999791,278.0,0.10040770091844504,1.7999867266523932,0.07172236546873134,1
2.242980323957152,11.869999999999791,279.0,0.10035562090915374,1.8009401807423775,0.07260795279418142,1
2.2428875245794395,11.859999999999792,280.0,0.0999010304518871,1.8018922972221196,0.0778532134389105,1
2.2427900713355187,11.859999999999792,281.0,0.09985040355706992,1.8028430647562403,0.07872906838825178,1
2.2426880297326384,11.859999999999792,282.0,0.09980039988566473,1.8037924722852996,0.07960002927051701,1
2.24258146431715,11.849999999999792,283.0,0.09935022431785534,1.8047405090263422,0.08482402838546665,1
2.242470438683041,11.849999999999792,284.0,0.09930161355148999,1.8056871644647137,0.08568553005120272,1
2.2423550154944145,11.839999999999792,285.0,0.09885497531027544,1.8066324283516175,0.09089324328987236,1
2.2422352564969823,11.839999999999792,286.0,0.09880771689601092,1.8075762906975532,0.0917454670782285,1
2.2421112225353776,11.839999999999792,287.0,0.0987610402145049,1.8085187417682604,0.09259299810555999,1
2.2419829735670462,11.829999999999792,288.0,0.09831860683472252,1.809459772079512,0.09778023393138269,1
2.2418505686844723,11.829999999999792,289.0,0.0982732271896481,1.8103993723954641,0.09861874154676964,1
2.241714066104742,11.829999999999792,290.0,0.09822840654271271,1.8113375337141258,0.09945266902241956,1
2.241573523222878,11.819999999999792,291.0,0.09779006360486917,1.8122742472785263,0.10461986629226905,1
2.2414289965992933,11.819999999999792,292.0,0.09774648733401661,1.8132095045617531,0.10544501456811362,1
2.2412805419724755,11.809999999999793,293.0,0.09731145394970438,1.814143297262253,0.11059673938908188,1
2.241128214291179,11.809999999999793,294.0,0.09726908652679166,1.8150756173071243,0.11141327074525287,1
2.2409720677000307,11.809999999999793,295.0,0.09722724184108829,1.816006456836908,0.11222540238406498,1
2.2408121555751297,11.799999999999793,296.0,0.0967961127247551,1.8169358082106517,0.1173577899634759,1
2.24064853054353,11.799999999999793,297.0,0.09675542839735932,1.8178636640047028,0.11816153280399999,1
2.24048124446296,11.799999999999793,298.0,0.09671524690931246,1.8187900169955633,0.11896097711916043,1
2.2403103484639453,11.789999999999793,299.0,0.0962879205861303,1.8197148601681437,0.12407442074194486,1
2.240135892946519,11.789999999999793,300.0,0.09624885323285073,1.8206381867058485,0.12486569554512728,1
2.239957927598084,11.789999999999793,301.0,0.09621026976260463,1.8215599899893102,0.125652769180975,1
2.2397765014044166,11.779999999999793,302.0,0.09578664907052052,1.822480263592605,0.13074764675625872,1
2.239591662660328,11.779999999999793,303.0,0.09574913565164427,1.8233990012793915,0.13152676178886047,1
2.239403458977432,11.779999999999793,304.0,0.09571208804776717,1.8243161969980524,0.1323017693791677,1
2.2392119373023154,11.769999999999794,305.0,0.09529207990454866,1.8252318448812697,0.1373784442472834,1
2.239017143921343,11.769999999999794,306.0,0.09525606029041579,1.8261459392402113,0.13814569619754224,1
2.2388191244730953,11.759999999999794,307.0,0.09483902452522713,1.8270584745620377,0.14320812130960792,1
2.2386179239603337,11.759999999999794,308.0,0.09480400444992919,1.8279694455073467,0.14396775264896533,1
2.238413586753176,11.759999999999794,309.0,0.09476942126001271,1.8288788469040933,0.14472342722560882,1
2.238206156610343,11.749999999999794,310.0,0.0943558457072253,1.8297866737491764,0.1497682320495468,1
2.2379956766839957,11.749999999999794,311.0,0.09432222318456504,1.830692921203329,0.15051647644696686,1
2.2377821895213845,11.749999999999794,312.0,0.09428902163713679,1.831597584584804,0.1512608489370597,1
2.2375657370860202,11.739999999999794,313.0,0.09387882322645835,1.8325006593713018,0.15628836111323374,1
2.2373463607631896,11.739999999999794,314.0,0.09384654521421402,1.8334021411955534,0.1570254869411476,1
2.2371241013643397,11.739999999999794,315.0,0.09381467298630372,1.8343020258404792,0.15775882272667263,1
2.2368989991474133,11.729999999999794,316.0,0.0934077719956442,1.8352003092412201,0.16276935780758506,1
2.236671093799483,11.729999999999794,317.0,0.09337678781749402,1.8360969874713486,0.16349562387522254,1
2.236440424487534,11.729999999999794,318.0,0.09334619491265901,1.8369920567580198,0.1642181789283459,1
2.236207029831528,11.719999999999795,319.0,0.09294251479985233,1.837885513464366,0.1692120409432074,1
2.235970947917082,11.719999999999795,320.0,0.09291277601839608,1.8387773540887415,0.16992769697612164,1
2.2357322163277136,11.719999999999795,321.0,0.09288341464351703,1.839667575272402,0.1706397183162811,1
2.2354908721227806,11.709999999999795,322.0,0.09248288188416187,1.8405561737842304,0.1756172003394305,1
2.235246951865137,11.709999999999795,323.0,0.09245434218385666,1.8414431465267045,0.176322487410429,1
2.235000491618412,11.709999999999795,324.0,0.09242616663351111,1.8423284905290254,0.17702421353435938,1
2.2347515269669573,11.699999999999795,325.0,0.09202871057027728,1.8432122029500528,0.18198559820424465,1
2.234500092997554,11.699999999999795,326.0,0.09200132564747847,1.8440942810649006,0.18268074913989096,1
2.2342462243347674,11.699999999999795,327.0,0.09197429219550869,1.8449747222747062,0.1833724104260286,1
2.23398995515164,11.689999999999795,328.0,0.09157984490013746,1.8458535241059209,0.1883179703993758,1
2.2337313191356216,11.689999999999795,329.0,0.09155357235776894,1.8467306841903477,0.18900321018061006,1
2.2334703495455277,11.689999999999795,330.0,0.09152763915246188,1.8476062002845663,0.18968502929583475,1
2.233207079175546,11.679999999999795,331.0,0.0911361352897254,1.848480070249306,0.19461502773243144,1
2.2329415403986492,11.679999999999795,332.0,0.09111093453919415,1.8493522920632148,0.19529057386424276,1
2.2326737651487303,11.679999999999795,333.0,0.09108606151278566,1.8502228638102654,0.19596276607332141,1
2.2324037849383043,11.669999999999796,334.0,0.09069743821411633,1.8510917836825571,0.20087745707694227,1
2.2321316308470354,11.669999999999796,335.0,0.09067327038516247,1.8519590499705907,0.2015435199170028,1
2.2318573335721785,11.659999999999796,336.0,0.09028709705039374,1.8528246610806105,0.20644589337021713,1
2.231580923364491,11.659999999999796,337.0,0.09026361590836508,1.8536886155019672,0.20710592245221005,1
2.231302430114547,11.659999999999796,338.0,0.09024044375977905,1.8545509118404073,0.20776270556245646,1
2.231021883293835,11.649999999999796,339.0,0.08985704689295468,1.8554115487877991,0.21265018094966215,1
2.2307393119899506,11.649999999999796,340.0,0.08983453608030267,1.8562705251331864,0.213301066094439,1
2.23045474491751,11.649999999999796,341.0,0.08981232392208353,1.8571278397633253,0.2139487665146802,1
2.2301682103997704,11.639999999999796,342.0,0.08943164677734404,1.8579834916503064,0.21882157548040437,1
2.229879736400583,11.639999999999796,343.0,0.08941007164827243,1.8588374798615188,0.21946350938861814,1
2.2295893505118367,11.639999999999796,344.0,0.08938878526309779,1.8596898035499974,0.22010231794378554,1
2.2292970799683847,11.639999999999796,345.0,0.08936778482915761,1.8605404619569952,0.2207380193000783,1
2.229002951645114,11.629999999999797,346.0,0.08899010048819991,1.861389454406723,0.22559385380252173,1
2.228706992069872,11.629999999999797,347.0,0.08896970705884272,1.8622367803081712,0.22622395537934525,1
2.2284092274275906,11.629999999999797,348.0,0.08894959019341203,1.863082439153124,0.22685100681252335,1
2.228109683558749,11.619999999999797,349.0,0.08857450519742782,1.8639264305116905,0.23169268174730928,1
2.227808385976011,11.619999999999797,350.0,0.08855497323894673,1.8647687540360145,0.23231425554914287,1
2.227505359846856,11.619999999999797,351.0,0.08853570883924555,1.8656094094488307,0.23293283456357416,1
2.227200630034467,11.609999999999797,352.0,0.08816317286992004,1.8664483965581955,0.23776055740661417,1
2.2268942210660554,11.609999999999797,353.0,0.08814447216726633,1.867285715239749,0.23837377718129638,1
2.226586157159225,11.609999999999797,354.0,0.08812603037884723,1.8681213654450282,0.23898405592546768,1
2.226276462215531,11.599999999999797,355.0,0.08775599488635602,1.8689553471951947,0.24379802750168,1
2.225965159834678,11.599999999999797,356.0,0.08773809643104484,1.8697876605839914,0.24440306179733984,1
2.225652273310924,11.599999999999797,357.0,0.08772044859164385,1.8706183057728638,0.24500520725919905,1
2.2253378256407244,11.589999999999797,358.0,0.08735286671433998,1.871447282991086,0.249805622028471,1
2.225021839525205,11.589999999999797,359.0,0.087335742649108,1.872274592533703,0.2504026343937258,1
2.224704337380122,11.589999999999797,360.0,0.08731886122983812,1.8731002347628505,0.25099680863986684,1
2.224385341329977,11.579999999999798,361.0,0.08695368771993647,1.87392421010199,0.2557838549510183,1
2.2240648732200143,11.579999999999798,362.0,0.0869373112839243,1.8747465190382735,0.25637300415014064,1
2.2237429546173435,11.579999999999798,363.0,0.08692116983745811,1.8755671621200385,0.2569593645152677,1
2.2234196068183913,11.569999999999798,364.0,0.08655836098959259,1.8763861399572492,0.261733224859231,1
2.223094850845273,11.569999999999798,365.0,0.08654270646772053,1.8772034532168933,0.2623146650617756,1
2.2227687074567766,11.569999999999798,366.0,0.08652727957679349,1.8780191026251398,0.2628933643547686,1
2.222441197147896,11.559999999999798,367.0,0.08616679316052706,1.878833088964275,0.26765421560109104,1
2.2221123401546823,11.559999999999798,368.0,0.08615183583496648,1.8796454130721467,0.26822809657076063,1
2.221782156460303,11.559999999999798,369.0,0.0861370990663604,1.8804560758421982,0.268799283242221,1
2.2214506657977022,11.549999999999798,370.0,0.08577889426212251,1.8812650782219857,0.2735472968657917,1
2.221117887637751,11.549999999999798,371.0,0.08576461036707078,1.882072421205059,0.27411376413129096,1
2.220783841230366,11.549999999999798,372.0,0.08575054022584416,1.8828781058472772,0.274677582454669,1
2.220448545567774,11.539999999999798,373.0,0.08539457756581345,1.8836821332473281,0.2794129247336483,1
2.2201120194132153,11.539999999999798,374.0,0.08538094424190182,1.8844845045573921,0.279972119779228,1
2.2197742812805306,11.539999999999798,375.0,0.08536751812908826,1.885285220971242,0.28052871001264856,1
2.2194353494720755,11.539999999999798,376.0,0.08535429739721855,1.886084283739297,0.2810827090862289,1
2.2190952420429264,11.529999999999799,377.0,0.08500075469575825,1.8868816941496493,0.28580360262856264,1
2.2187539768432942,11.529999999999799,378.0,0.08498795086747174,1.887677453545334,0.2863531011768383,1
2.21841157148745,11.529999999999799,379.0,0.08497534619397856,1.8884715633075626,0.2869000511956983,1
2.2180680433777527,11.519999999999799,380.0,0.08462396188408775,1.8892640248645882,0.29160863942600823,1
2.217723409685767,11.519999999999799,381.0,0.08461175941491368,1.8900548396806167,0.29215117897398524,1
2.2173776873941184,11.519999999999799,382.0,0.08459975010616971,1.8908440092730814,0.2926912115256315,1
2.217030893253359,11.509999999999799,383.0,0.0842504887627916,1.8916315351903201,0.2973876449469446,1
2.216683043829525,11.509999999999799,384.0,0.08423886750665911,1.892417419031624,0.2979233546281601,1
2.216334155456012,11.509999999999799,385.0,0.0842274336408226,1.8932016624225754,0.29845659776297384,1
2.2159842442891997,11.4999999999998,386.0,0.08388026095909401,1.8939842670389924,0.3031410225322162,1
2.215633326277204,11.4999999999998,387.0,0.08386920151967577,1.8947652345902046,0.30367002801816323,1
2.2152814171707997,11.4999999999998,388.0,0.08385832391034481,1.8955445668221584,0.3041966064067414,1
2.2149285325275514,11.4999999999998,389.0,0.08384762658269748,1.896322265517308,0.3047207699430592,1
2.214574687716747,11.4899999999998,390.0,0.08350269035759783,1.8970983324949937,0.3093915881259124,1
2.2142198979168604,11.4899999999998,391.0,0.08349235052480554,1.897872769608264,0.3099116231544379,1
2.2138641781220234,11.4899999999998,392.0,0.08348218567502949,1.8986455787450283,0.31042928149251825,1
2.2135075431404676,11.4799999999998,393.0,0.08313926534787502,1.8994167618254274,0.31508841340025073,1
2.2131500076082764,11.4799999999998,394.0,0.08312944548531809,1.9001863208064578,0.3156020233144432,1
2.2127915859611487,11.4799999999998,395.0,0.08311979550000405,1.9009542576667922,0.31611329374603514,1
2.2124322924870046,11.4699999999998,396.0,0.08277886013813317,1.901720574429857,0.32076087216393434,1
2.212072141284234,11.4699999999998,397.0,0.08276954308682026,1.9024852731423103,0.32126817215612147,1
2.211711146279359,11.4699999999998,398.0,0.08276039098815022,1.9032483558806224,0.3217731689883969,1
2.211349321233368,11.4699999999998,399.0,0.08275140247417519,1.904009824752384,0.32227587397932966,1
2.210986679741945,11.4599999999998,400.0,0.08241257981751199,1.9047696818947109,0.32691042532668857,1
2.2106232352293644,11.4599999999998,401.0,0.08240390923968897,1.9055279294696483,0.32740925995450554,1
2.2102590009618304,11.4599999999998,402.0,0.08239539754821895,1.9062845696688941,0.3279058379178674,1
2.2098939900488794,11.4499999999998,403.0,0.08205849427407694,1.9070396047128464,0.3325291291389336,1
2.209528215432518,11.4499999999998,404.0,0.08205028943557079,1.9077930368437952,0.33302191016747185,1
2.2091616899054154,11.4499999999998,405.0,0.08204223895063731,1.908544868333053,0.33351246887624075,1
2.208794426105746,11.4399999999998,406.0,0.08170722707237822,1.9092951014769433,0.33812462093302886,1
2.2084264365117026,11.4399999999998,407.0,0.08169947275206725,1.9100437385926312,0.3386114542694514,1
2.2080577334627693,11.4399999999998,408.0,0.08169186841132227,1.910790782026813,0.3390960988244549,1
2.207688329144099,11.4399999999998,409.0,0.08168441283824843,1.9115362341467395,0.3395785650890224,1
2.2073182355899172,11.4299999999998,410.0,0.08135140228069666,1.9122800973403906,0.3441782183246258,1
2.2069474647029024,11.4299999999998,411.0,0.08134422955177253,1.9130223740243428,0.34465705125474555,1
2.2065760282246836,11.4299999999998,412.0,0.08133720141280851,1.913763066628166,0.3451337384109434,1
2.2062039377753324,11.419999999999801,413.0,0.08100602295098994,1.9145021776120374,0.34972252011835914,1
2.205831204824567,11.419999999999801,414.0,0.0809992678110393,1.9152397094514804,0.35019564145451443,1
2.2054578407075063,11.419999999999801,415.0,0.08099265322576794,1.9159756646436201,0.3506666488041592,1
2.205083856622231,11.419999999999801,416.0,0.08098617807944614,1.9167100457046564,0.3511355521334967,1
2.2047092636384336,11.409999999999801,417.0,0.08065693037028886,1.9174428551727323,0.35571217681817435,1
2.2043340726866196,11.409999999999801,418.0,0.0806507159416777,1.9181740956014186,0.35617760126780884,1
2.2039582945704326,11.409999999999801,419.0,0.08064463709454851,1.9189037695643798,0.35664095254146266,1
2.2035819399683945,11.399999999999801,420.0,0.08031716608799036,1.9196318796549947,0.36120695707371864,1
2.2032050194276573,11.399999999999801,421.0,0.0803113388807855,1.9203584284820554,0.3616668932345326,1
2.2028275433704287,11.399999999999801,422.0,0.0803056435283283,1.9210834186716654,0.36212478637565515,1
2.2024495220978624,11.399999999999801,423.0,0.08030007900144098,1.9218068528679562,0.36258064598276873,1
2.202070965783522,11.389999999999802,424.0,0.07997447295381786,1.9225287337286692,0.36713481482862065,1
2.2016918844878886,11.389999999999802,425.0,0.0799691487302371,1.923249063931092,0.3675873415540216,1
2.2013122881427623,11.389999999999802,426.0,0.07996395176711649,1.9239678461632832,0.36803786402713734,1
2.2009321865734384,11.379999999999802,427.0,0.07964007060168952,1.9246850831337698,0.3725816490905207,1
2.2005515894852574,11.379999999999802,428.0,0.07963510556227232,1.9254007775638369,0.3730288989858741,1
2.2001705064591537,11.379999999999802,429.0,0.07963026433669403,1.9261149321842703,0.3734741732757194,1
2.1997889469766774,11.379999999999802,430.0,0.07962554597434514,1.9268275497465022,0.3739174810001802,1
2.199406920393436,11.369999999999802,431.0,0.07930346834059701,1.9275386330085098,0.37844973280062866,1
2.1990244359756455,11.369999999999802,432.0,0.07929897142677175,1.928248184751725,0.3788898458070984,1
2.1986415028601427,11.369999999999802,433.0,0.07929459407631469,1.9289562077603435,0.37932802008640354,1
2.198258130086204,11.359999999999802,434.0,0.0789741927779981,1.9296627048359227,0.3838501105888761,1
2.1978743265838485,11.359999999999802,435.0,0.07897002913431146,1.9303676787906374,0.3842851472316704,1
2.1974901011772245,11.359999999999802,436.0,0.0789659818621489,1.931071132447926,0.38471827239508105,1
2.1971054625903133,11.359999999999802,437.0,0.07896205008319411,1.9317730686443417,0.38514949469583537,1
2.196720419442347,11.349999999999802,438.0,0.07864339488799514,1.9324734902263114,0.389660336860278,1
2.1963349802496395,11.349999999999802,439.0,0.07863966712563197,1.9331724000500912,0.39008849533616274,1
2.1959491534320654,11.349999999999802,440.0,0.07863605179826899,1.9338698009840152,0.39051477744601204,1
2.1955629473103073,11.349999999999802,441.0,0.07863254806528801,1.9345656959062283,0.3909391915806366,1
2.1951763701065,11.339999999999803,442.0,0.07831560892653411,1.935260087704058,0.3954389402939975,1
2.1947894299463453,11.339999999999803,443.0,0.0783122999318683,1.9359529792742143,0.39586036224922894,1
2.1944021348590605,11.339999999999803,444.0,0.07830909960036445,1.9366443735218135,0.39627994200345773,1
2.1940144927855205,11.329999999999803,445.0,0.07799376754396982,1.9373342733635874,0.4007698528114618,1
2.1936265115694793,11.329999999999803,446.0,0.07799075509696869,1.9380226817226396,0.40118649287756747,1
2.193238198961244,11.329999999999803,447.0,0.07798784847564892,1.9387096015294425,0.40160131598771276,1
2.192849562627351,11.329999999999803,448.0,0.07798504690112235,1.9393950357257825,0.40201433016077814,1
2.1924606101370374,11.319999999999803,449.0,0.0776713790676203,1.9400789872572288,0.4064934075003477,1
2.1920713489791086,11.319999999999803,450.0,0.07766875678250298,1.9407614590806965,0.40690355000440825,1
2.19168178654785,11.319999999999803,451.0,0.07766623682292752,1.9414424541566475,0.40731190814011886,1
2.191291930160205,11.319999999999803,452.0,0.07766381844233793,1.94212197545684,0.4077184897262487,1
2.190901787032524,11.309999999999803,453.0,0.0773517877196877,1.9428000259519642,0.41218687513479746,1
2.190511364318598,11.309999999999803,454.0,0.07734954039216085,1.943476608629866,0.41259065112927074,1
2.1901206690694597,11.309999999999803,455.0,0.07734739203293313,1.9441517264746855,0.412992674491665,1
2.189729708267177,11.299999999999804,456.0,0.07703690555246373,1.9448253824830317,0.4174515172409772,1
2.1893384888118503,11.299999999999804,457.0,0.07703492216514923,1.945497579656715,0.41785078340161985,1
2.1889470175057646,11.299999999999804,458.0,0.07703303521711652,1.946168320994125,0.4182483203710001,1
2.188555301102029,11.299999999999804,459.0,0.0770312440144675,1.9468376095138256,0.41864413564214353,1
2.1881633462493,11.289999999999804,460.0,0.0767223477163197,1.9475054482261955,0.42309252420344756,1
2.1877711595330225,11.289999999999804,461.0,0.0767207138456584,1.948171840153399,0.42348564509116504,1
2.187378747459517,11.289999999999804,462.0,0.0767191732922393,1.9488367883206978,0.4238770671158403,1
2.1869861164581397,11.289999999999804,463.0,0.07671772539226707,1.9495002957568874,0.42426679756831187,1
2.1865932728856214,11.279999999999804,464.0,0.0764103947401875,1.9501623654957951,0.42870486155196463,1
2.1862002230218303,11.279999999999804,465.0,0.07640909684424758,1.9508230005735019,0.4290919587083082,1
2.185806973079413,11.279999999999804,466.0,0.07640788926876617,1.9514822040325397,0.429477386554056,1
2.185413529190616,11.279999999999804,467.0,0.07640677137729619,1.952139978914618,0.42986115219890864,1
2.1850198974267547,11.269999999999804,468.0,0.07610098268329707,1.9527963282698095,0.43428901720129365,1
2.1846260837830798,11.269999999999804,469.0,0.07610000776678391,1.953451255148298,0.4346702089534107,1
2.184232094186223,11.269999999999804,470.0,0.0760991202926405,1.95410476260352,0.4350497602051242,1
2.1838379344959127,11.269999999999804,471.0,0.0760983196492961,1.954756853692445,0.4354276779042332,1
2.183443610501162,11.259999999999804,472.0,0.07579405003494168,1.9554075314730224,0.4398454656720663,1
2.1830491279284043,11.259999999999804,473.0,0.07579338562268868,1.9560567990077415,0.4402208672569803,1
2.1826544924381848,11.259999999999804,474.0,0.07579280588671515,1.9567046593613655,0.4405946564472152,1
2.1822597096138976,11.259999999999804,475.0,0.07579231024095195,1.9573511155946604,0.4409668400143174,1
2.181864784990406,11.249999999999805,476.0,0.07548953760211005,1.95799617077833,0.44537466858617814,1
2.1814697240324654,11.249999999999805,477.0,0.07548917171482283,1.9586398279815234,0.4457443922604878,1
2.181074532140168,11.249999999999805,478.0,0.07548888784596768,1.9592820902740664,0.4461125309496048,1
2.180679214652169,11.239999999999805,479.0,0.07518754728249685,1.9599229607275483,0.4505113552365263,1
2.18028377684673,11.239999999999805,480.0,0.0751873884044936,1.9605624424153136,0.45087707512359443,1
2.179888223942285,11.239999999999805,481.0,0.07518730953554711,1.9612005384122462,0.4512412302710511,1
2.179492561090284,11.239999999999805,482.0,0.07518731012952982,1.9618372517905915,0.4516038271798428,1
2.179096793394957,11.229999999999805,483.0,0.07488742800832184,1.9624725856295269,0.4559928907743567,1
2.178700925884177,11.229999999999805,484.0,0.07488754757349678,1.9631065429998058,0.4563531224763908,1
2.178304963547159,11.229999999999805,485.0,0.07488774466820651,1.963739126982473,0.4567118156973491,1
2.1779089113056482,11.229999999999805,486.0,0.07488801876717426,1.9643703406536994,0.45706897679385383,1
2.1775127740232048,11.219999999999805,487.0,0.07458957496946635,1.9650001870890448,0.46144838818542167,1
2.177116556516243,11.219999999999805,488.0,0.07458996225788722,1.9656286693685798,0.4618032362658293,1
2.176720263525649,11.219999999999805,489.0,0.07459042469183791,1.9662557905619655,0.4621565714848743,1
2.1763238997646197,11.219999999999805,490.0,0.07459096176469614,1.9668815537524105,0.4625084000723412,1
2.1759274698776516,11.209999999999805,491.0,0.07429393682545866,1.9675059620152624,0.4668782645492606,1
2.1755309784481804,11.209999999999805,492.0,0.07429458153551,1.9681290184214593,0.46722783093083065,1
2.1751344300251656,11.209999999999805,493.0,0.07429529909432289,1.9687507260506965,0.4675759094956822,1
2.174737829091143,11.209999999999805,494.0,0.07429608901658522,1.9693710879746396,0.46792250631267196,1
2.1743411800827643,11.199999999999806,495.0,0.07400046409980336,1.969990107267003,0.4722829260444512,1
2.17394448738281,11.199999999999806,496.0,0.07400135632408762,1.9706077869990393,0.47262731015697734,1
2.173547755327287,11.199999999999806,497.0,0.07400231918783683,1.9712241302427655,0.47297023089491574,1
2.173150988198425,11.199999999999806,498.0,0.07400335222390761,1.9718391400669413,0.47331169419555086,1
2.1727541902354406,11.189999999999806,499.0,0.07370910909353041,1.9724528195422135,0.4776627683741437,1
2.172357365613968,11.189999999999806,500.0,0.07371023930517841,1.9730651717301295,0.47800206719357363,1
2.1719605184822637,11.189999999999806,501.0,0.07371143802828832,1.973676199701346,0.47833992652304747,1
2.1715636529224644,11.189999999999806,502.0,0.07371270481400398,1.9742859065153433,0.4786763521618216,1
2.1711667729824247,11.179999999999806,503.0,0.07341982581129419,1.9748942952363961,0.48301817707992467,1
2.17076988265562,11.179999999999806,504.0,0.07342118484487156,1.975501368922857,0.4833524852352171,1
2.170372985895368,11.179999999999806,505.0,0.07342261034083009,1.9761071306340956,0.4836853772316194,1
2.1699760865999487,11.179999999999806,506.0,0.07342410186695239,1.9767115834225084,0.48401685874350453,1
2.169579188632301,11.179999999999806,507.0,0.07342565899355619,1.9773147303432355,0.48434693542754803,1
2.1691822958081084,11.169999999999806,508.0,0.07313414892204083,1.9779165744477225,0.4886789377484051,1
2.16878541190243,11.169999999999806,509.0,0.07313579244706818,1.9785171187867474,0.48900695422621676,1
2.1683885406285115,11.169999999999806,510.0,0.07313750004447894,1.9791163663991662,0.4893335828935308,1
2.1679916856839516,11.169999999999806,511.0,0.07313927129951785,1.9797143203353735,0.48965882929683646,1
2.16759485070989,11.159999999999807,512.0,0.07284908905866795,1.9803109836359103,0.4939817888000957,1
2.167198039296237,11.159999999999807,513.0,0.07285094219827849,1.9809063593338205,0.49430501936947513,1
2.1668012550115527,11.159999999999807,514.0,0.07285285752136887,1.9815004504697724,0.49462688431581947,1
2.1664045013668316,11.159999999999807,515.0,0.07285483463038199,1.9820932600729877,0.49494738904418845,1
2.16600778183625,11.149999999999807,516.0,0.07256596425651328,1.9826847911716683,0.49926139334081054,1
2.1656110998628617,11.149999999999807,517.0,0.072568018908096,1.9832750467956421,0.49957992551413377,1
2.1652144588398388,11.149999999999807,518.0,0.07257013392388659,1.9838640299663226,0.4998971137370407,1
2.1648178621234413,11.149999999999807,519.0,0.07257230892032325,1.984451743703099,0.5002129633061585,1
2.1644213130325727,11.139999999999807,520.0,0.07228473493066137,1.9850381910228407,0.5045180975466499,1
2.1640248148449865,11.139999999999807,521.0,0.07228698329354953,1.9856233749376169,0.5048320167653277,1
2.1636283708059323,11.139999999999807,522.0,0.07228929026559716,1.9862072984588777,0.5051446132347936,1
2.1632319841151046,11.139999999999807,523.0,0.07229165547757987,1.9867899645903928,0.5054558921359908,1
2.1628356579432158,11.129999999999807,524.0,0.07200536285467547,1.9873713763365748,0.5097522390521689,1
2.1624393954170964,11.129999999999807,525.0,0.0720077974153372,1.9879515366944676,0.5100616287733339,1
2.162043199632597,11.129999999999807,526.0,0.07201028889265339,1.9885304486601427,0.510369716478156,1
2.1616470736479645,11.129999999999807,527.0,0.0720128369301113,1.989108115225002,0.5106765072452875,1
2.16125102048309,11.129999999999807,528.0,0.0720154411743791,1.9896845393751164,0.5109820061248793,1
2.1608550431275955,11.119999999999807,529.0,0.07173042462224542,1.9902597240951583,0.5152690890017784,1
2.160459144530529,11.119999999999807,530.0,0.07173309342642419,1.9908336723627649,0.5155727490185757,1
2.160063327612823,11.119999999999807,531.0,0.07173581717023197,1.9914063871547885,0.5158751322772481,1
2.159667595257913,11.119999999999807,532.0,0.0717385955127185,1.9919778714421283,0.5161762437259536,1
2.159271950312719,11.109999999999808,533.0,0.07145482949876364,1.992548128190006,0.5204547169763771,1
2.158876395598817,11.109999999999808,534.0,0.07145766871283213,1.9931171603635336,0.5207540285261132,1
2.158480933897675,11.109999999999808,535.0,0.07146056130265106,1.9936849709197717,0.521052083061035,1
2.1580855679660442,11.109999999999808,536.0,0.07146350693869263,1.9942515628154975,0.521348885434834,1
2.1576903005125962,11.099999999999808,537.0,0.07118097781308803,1.9948169389948058,0.5256188245498978,1
2.1572951342314015,11.099999999999808,538.0,0.0711839807712994,1.995381102406316,0.5259138650463226,1
2.156900071779483,11.099999999999808,539.0,0.07118703559501632,1.9959440559912487,0.5262076678544527,1
2.1565051157810906,11.099999999999808,540.0,0.07119014196693539,1.9965058026853917,0.5265002377224881,1
2.1561102688304117,11.099999999999808,541.0,0.0711932995721413,1.9970663454203306,0.5267915793765745,1
2.1557155334909313,11.089999999999808,542.0,0.07091199674762594,1.9976256871228684,0.5310525612306671,1
2.155320912297676,11.089999999999808,543.0,0.0709152074309752,1.9981838307159774,0.5313421875771642,1
2.1549264077466788,11.089999999999808,544.0,0.07091846821609096,1.998740779113072,0.5316305997951434,1
2.154532022322122,11.089999999999808,545.0,0.07092177879795926,1.9992965352320045,0.5319178025275646,1
2.15413775846558,11.079999999999808,546.0,0.0706416848690305,1.9998511019787462,0.5361704125584668,1
2.153743618591494,11.079999999999808,547.0,0.07064504526714596,2.0004044822552953,0.5364559360122956,1
2.15334960509298,11.079999999999808,548.0,0.07064845436812751,2.0009566789624986,0.5367402637738408,1
2.1529557203222254,11.079999999999808,549.0,0.07065191187931295,2.001507694989569,0.5370234003728358,1
2.1525619666159264,11.069999999999808,550.0,0.07037301440058776,2.002057533227253,0.5412677075582777,1
2.152168346280333,11.069999999999808,551.0,0.0703765185861889,2.0026061965597637,0.5415492000709936,1
2.151774861582891,11.069999999999808,552.0,0.07038007012502769,2.0031536878602036,0.5418295149207404,1
2.1513815147834254,11.069999999999808,553.0,0.07038366873271307,2.003700010006746,0.5421086565683997,1
2.1509883080998446,11.069999999999808,554.0,0.07038731412849661,2.0042451658644302,0.5423866294355155,1
2.1505952437334397,11.059999999999809,555.0,0.07010959786167284,2.0047891582982853,0.5466222599344743,1
2.1502023238506998,11.059999999999809,556.0,0.07011328616640586,2.005331990163562,0.5468986318669504,1
2.149809550592145,11.059999999999809,557.0,0.07011702024522615,2.005873664310211,0.5471738481674313,1
2.1494169260876785,11.059999999999809,558.0,0.07012079982532997,2.006414183590773,0.5474479131898515,1
2.1490244524213304,11.049999999999809,559.0,0.06984425451472963,2.0069535508416574,0.5516753893044619,1
2.148632131669291,11.049999999999809,560.0,0.06984807411498739,2.007491768902976,0.5519478867641261,1
2.148239965870132,11.049999999999809,561.0,0.06985193823649673,2.0080288406027083,0.5522192458159147,1
2.147847957046861,11.049999999999809,562.0,0.06985584661637075,2.008564768768139,0.5524894707204202,1
2.1474561071928977,11.049999999999809,563.0,0.06985979899428671,2.009099556218287,0.5527585657119478,1
2.147064418284417,11.039999999999809,564.0,0.06958440649549458,2.0096332057702755,0.5569775455263117,1
2.1466728922588922,11.039999999999809,565.0,0.069588395422681,2.0101657202278407,0.5572451139368275,1
2.1462815310477503,11.039999999999809,566.0,0.06959242740590439,2.0106971023983933,0.5575115649881652,1
2.145890336551126,11.039999999999809,567.0,0.06959650219341942,2.011227355079546,0.5577769028341442,1
2.14549931064584,11.039999999999809,568.0,0.06960061953537376,2.0117564810631503,0.558041131608946,1
2.145108455188726,11.02999999999981,569.0,0.06932636538243278,2.0122844831369466,0.5622517109045746,1
2.1447177720126973,11.02999999999981,570.0,0.06933051595360265,2.0128113640822716,0.5625144529425834,1
2.144327262929737,11.02999999999981,571.0,0.069334708174314,2.013337126675538,0.5627760981473429,1
2.143936929719811,11.02999999999981,572.0,0.06933894180377274,2.0138617736822115,0.5630366505649405,1
2.1435467741585446,11.01999999999981,573.0,0.06906582252185428,2.0143853078712834,0.5672392892406781,1
2.143156797986625,11.01999999999981,574.0,0.06907008684053823,2.014907731998976,0.5674983857084046,1
2.1427670029317176,11.01999999999981,575.0,0.06907439169179577,2.0154290488201503,0.5677564013844527,1
2.1423773906953225,11.01999999999981,576.0,0.06907873684209143,2.015949261081271,0.5680133402465048,1
2.1419879629593837,11.01999999999981,577.0,0.06908312205940953,2.0164683715237093,0.5682692062556476,1
2.1415987213876364,11.00999999999981,578.0,0.06881111543758534,2.0169863828843613,0.5724636087560546,1
2.141209667614726,11.00999999999981,579.0,0.06881552828161491,2.0175032978897325,0.5727180566878693,1
2.140820803262853,11.00999999999981,580.0,0.06881998035167196,2.018019119264628,0.5729714434509754,1
2.1404321299407467,11.00999999999981,581.0,0.06882447142251076,2.018533849731469,0.5732237729414413,1
2.1400436492181645,11.00999999999981,582.0,0.0688290012724517,2.019047491996681,0.5734750490146405,1
2.1396553626646884,10.99999999999981,583.0,0.06855809423690584,2.0195600487710865,0.5776613026963562,1
2.139267271823661,10.99999999999981,584.0,0.06856264878228013,2.0200715227559956,0.5779111975394673,1
2.138879378208401,10.99999999999981,585.0,0.06856724129801638,2.0205819166410777,0.5781600503633597,1
2.1384916833313734,10.99999999999981,586.0,0.06857187156764856,2.021091233119679,0.5784078649748143,1
2.1381041886782297,10.98999999999981,587.0,0.06830206657385424,2.0215994748749746,0.5825863727698699,1
2.137716895707159,10.98999999999981,588.0,0.06830671930446375,2.022106644579474,0.5828328345851053,1
2.1373298058767447,10.98999999999981,589.0,0.06831140900551545,2.022612744909701,0.5830782693626888,1
2.136942920610953,10.98999999999981,590.0,0.06831613546901535,2.0231177785274927,0.5833226808212189,1
2.136556241322423,10.98999999999981,591.0,0.06832089848771881,2.023621748092258,0.5835660726706671,1
2.136169769409073,10.97999999999981,592.0,0.06805216977984466,2.0241246562590485,0.5877365815527058,1
2.1357835062440866,10.97999999999981,593.0,0.06805695255341292,2.02462650567315,0.5879786556654893,1
2.1353974531897597,10.97999999999981,594.0,0.06806177112850062,2.0251272989773152,0.5882197210723212,1
2.13501161158651,10.97999999999981,595.0,0.06806662530473048,2.0256270388058253,0.588459781412171,1
2.1346259827598235,10.97999999999981,596.0,0.06807151488287458,2.0261257277880746,0.5886988403104165,1
2.13424056801603,10.96999999999981,597.0,0.06780385061111617,2.026623368546221,0.5928614300520627,1
2.1338553686487898,10.96999999999981,598.0,0.06780875735439536,2.0271199636985195,0.5930992053238786,1
2.133470385936939,10.96999999999981,599.0,0.067813698774237,2.0276155158581055,0.5933359897948909,1
2.133085621129448,10.96999999999981,600.0,0.06781867467877925,2.0281100276248734,0.5935717870120563,1
2.132701075476929,10.96999999999981,601.0,0.06782368487566547,2.0286035016021366,0.5938066005281124,1
2.1323167502073876,10.95999999999981,602.0,0.06755707358702938,2.029095940383639,0.5979613483856019,1
2.131932646520887,10.95999999999981,603.0,0.06756209846971245,2.0295873465506347,0.5981949114760061,1
2.1315487656230783,10.95999999999981,604.0,0.06756715694679927,2.0300777226895947,0.5984275012476286,1
2.1311651086883105,10.95999999999981,605.0,0.06757224883327552,2.0305670713725212,0.5986591211729948,1
2.1307816768811976,10.95999999999981,606.0,0.06757737394490596,2.0310553951683405,0.5988897747161919,1
2.1303984713530277,10.949999999999811,607.0,0.06731180456818121,2.031542696640847,0.6030367554925349,1
2.130015493235764,10.949999999999811,608.0,0.06731694199126219,2.0320289783454917,0.6032661909359298,1
2.129632743648377,10.949999999999811,609.0,0.06732211196758356,2.032514242832614,0.6034946701303834,1
2.129250223695718,10.949999999999811,610.0,0.06732731431859923,2.0329984926467715,0.6037221964776527,1
2.1288679344667547,10.949999999999811,611.0,0.06733254886711132,2.033481730325742,0.6039487733631608,1
2.128485877041795,10.939999999999811,612.0,0.06706801069363093,2.033963958404229,0.6080880595284786,1
2.128104052473673,10.939999999999811,613.0,0.06707325528064473,2.034445179403823,0.6083134497811451,1
2.1277224618096797,10.939999999999811,614.0,0.06707853141836795,2.034925395844559,0.6085379004613476,1
2.127341106088754,10.939999999999811,615.0,0.06708383893442427,2.035404610243344,0.6087614149020657,1
2.1269599863291786,10.939999999999811,616.0,0.06708917765825273,2.0358828251073495,0.6089839964137265,1
2.1265791035327477,10.929999999999811,617.0,0.06682566032918714,2.0363600429361317,0.6131156581522512,1
2.1261984586955482,10.929999999999811,618.0,0.06683100691489781,2.0368362662272985,0.6133370836728123,1
2.1258180527912494,10.929999999999811,619.0,0.06683638408544727,2.037311497467543,0.6135575859191538,1
2.125437886790345,10.929999999999811,620.0,0.0668417916748994,2.037785739142811,0.6137771681502715,1
2.1250579616396674,10.929999999999811,621.0,0.06684722951947682,2.038258993727315,0.6139958335985418,1
2.1246782782809226,10.919999999999812,622.0,0.06658472300837437,2.0387312636933492,0.6181199389205116,1
2.1242988376417604,10.919999999999812,623.0,0.06659016663022672,2.0392025515064347,0.6183374782216076,1
2.1239196406342655,10.919999999999812,624.0,0.06659563990627237,2.039672859624479,0.6185541101771759,1
2.1235406881583128,10.919999999999812,625.0,0.0666011426772872,2.0401421904994623,0.6187698379675897,1
2.12316198110275,10.919999999999812,626.0,0.06660667478502069,2.0406105465780238,0.618984664761397,1
2.122783520344954,10.909999999999812,627.0,0.06634516938539817,2.041077930301138,0.6231012795573918,1
2.1224053067483526,10.909999999999812,628.0,0.06635070527413388,2.0415443441027534,0.6233150092711619,1
2.1220273411644537,10.909999999999812,629.0,0.06635626992049125,2.042009790410778,0.6235278472040517,1
2.1216496244317895,10.909999999999812,630.0,0.06636186317117031,2.042474271646484,0.6237397964671072,1
2.121272157381403,10.909999999999812,631.0,0.06636748487338859,2.0429377902273407,0.6239508601633965,1
2.1208949408269278,10.899999999999812,632.0,0.06610697118525831,2.043400348561681,0.6280600482789047,1
2.1205179755759738,10.899999999999812,633.0,0.06611259475648892,2.0438619490547114,0.6282700432125263,1
2.1201412624200633,10.899999999999812,634.0,0.0661182462211492,2.0443225941030754,0.6284791615801999,1
2.119764802136351,10.899999999999812,635.0,0.06612392543181998,2.0447822860957054,0.6286874064218242,1
2.119388595502733,10.899999999999812,636.0,0.06612963224085043,2.0452410274218478,0.6288947807788812,1
2.119012643276704,10.889999999999812,637.0,0.0658701011574496,2.0456988204597146,0.6329966040895072,1
2.118636946205234,10.889999999999812,638.0,0.06587580800430183,2.0461556675816817,0.6332029372730195,1
2.1182615050302096,10.889999999999812,639.0,0.06588154191100708,2.0466115711571486,0.6334084087691323,1
2.117886320470938,10.889999999999812,640.0,0.06588730273578962,2.047066533543148,0.6336130215492453,1
2.117511393246095,10.889999999999812,641.0,0.0658930903367529,2.047520557096002,0.6338167785843432,1
2.1171367240646197,10.879999999999812,642.0,0.06563453303309574,2.0479736441664134,0.6379112970546685,1
2.116762313623644,10.879999999999812,643.0,0.06564031891724101,2.0484257970983073,0.6381140398086753,1
2.11638816259777,10.879999999999812,644.0,0.0656461310586404,2.0488770182230325,0.6383159354079053,1
2.1160142716732713,10.879999999999812,645.0,0.06565196931869609,2.0493273098776044,0.6385169867835359,1
2.1156406415077282,10.879999999999812,646.0,0.06565783356148515,2.04977667438308,0.6387171968323302,1
2.1152672727493647,10.879999999999812,647.0,0.06566372365175095,2.05022511405776,0.6389165684427056,1
2.1148941660557408,10.869999999999813,648.0,0.0654061023291697,2.05067263121564,0.6430036905445136,1
2.114521322057002,10.869999999999813,649.0,0.06541198865709257,2.051119228163685,0.6432020795831537,1
2.1141487413784565,10.869999999999813,650.0,0.06541790033370813,2.0515649072027022,0.6433996385555516,1
2.113776424626607,10.869999999999813,651.0,0.0654238372281246,2.0520096706225863,0.6435963702948937,1
2.113404372417679,10.869999999999813,652.0,0.06542979920841462,2.052453520717532,0.6437922776457488,1
2.113032585344705,10.859999999999813,653.0,0.06517313396517,2.0528964597683546,0.6478722208741923,1
2.1126610639936025,10.859999999999813,654.0,0.06517909058712823,2.0533384900510874,0.6480671710585306,1
2.1122898089447486,10.859999999999813,655.0,0.06518507181438152,2.053779613837738,0.6482613050287385,1
2.111918820763837,10.859999999999813,656.0,0.06519107752010979,2.0542198333913886,0.648454625565487,1
2.111548100006006,10.859999999999813,657.0,0.0651971075784179,2.054659150968329,0.6486471354361876,1
2.111177647230976,10.849999999999813,658.0,0.06494139040783056,2.0550975688261515,0.6527199540742648,1
2.110807462976865,10.849999999999813,659.0,0.06494741357807957,2.0555350892096733,0.6529115315565963,1
2.110437547774306,10.849999999999813,660.0,0.06495346063649338,2.0559717143584404,0.6531023063706822,1
2.1100679021455235,10.849999999999813,661.0,0.06495953146056715,2.056407446506231,0.6532922812402888,1
2.1096985266163135,10.849999999999813,662.0,0.06496562592739584,2.056842287887393,0.653481458892641,1
2.109329421678433,10.849999999999813,663.0,0.0649717439173022,2.0572762407166887,0.6536698420132478,1
2.1089605878423794,10.839999999999813,664.0,0.06471693517512317,2.0577093072175106,0.6577354749646473,1
2.108592025594712,10.839999999999813,665.0,0.0647230444854993,2.058141489598993,0.6579229549589309,1
2.1082237354192146,10.839999999999813,666.0,0.06472917687254283,2.0585727900673065,0.6581096482154041,1
2.107855717785491,10.839999999999813,667.0,0.06473533221900254,2.059003210819502,0.6582955573877827,1
2.1074879731649308,10.839999999999813,668.0,0.06474151040734599,2.0594327540520587,0.6584806851308631,1
2.107120502006777,10.829999999999814,669.0,0.06448763370282154,2.059861421947987,0.6625393076015029,1
2.106753304767508,10.829999999999814,670.0,0.06449380182068075,2.0602892166925684,0.6627235556424447,1
2.106386381887749,10.829999999999814,671.0,0.06449999235045054,2.0607161404609355,0.6629070298607134,1
2.1060197338015114,10.829999999999814,672.0,0.06450620517852969,2.061142195422985,0.6630897328602425,1
2.1056533609359955,10.829999999999814,673.0,0.06451244019188586,2.0615673837432498,0.663271667235507,1
2.1052872637085707,10.829999999999814,674.0,0.06451869727837713,2.061991707579241,0.6634528355678488,1
2.1049214425327323,10.819999999999814,675.0,0.06426571184596477,2.0624151690846007,0.667504405932454,1
2.104555897804919,10.819999999999814,676.0,0.06427195722574236,2.0628377704046854,0.6676847222765152,1
2.104190629931111,10.819999999999814,677.0,0.0642782242651684,2.063259513680549,0.6678642799916803,1
2.1038256393000547,10.819999999999814,678.0,0.06428451285506778,2.0636804010494063,0.6680430816204441,1
2.103460926284304,10.819999999999814,679.0,0.06429082288788453,2.0641004346355905,0.6682211296820568,1
2.1030964912708017,10.809999999999814,680.0,0.06403875447893524,2.0645196165691497,0.672265796227207,1
2.1027323346158227,10.809999999999814,681.0,0.06404505153871887,2.064937948959204,0.6724430144793603,1
2.102368456688364,10.809999999999814,682.0,0.06405136964110823,2.0653554339275604,0.672619486427785,1
2.102004857837809,10.809999999999814,683.0,0.06405770868122741,2.0657720735753156,0.6727952145535001,1
2.101641538413468,10.809999999999814,684.0,0.06406406855406299,2.066187870004351,0.6729702013386025,1
2.1012784987572366,10.809999999999814,685.0,0.06407044915525763,2.066602825310539,0.6731444492546055,1
2.1009157391938666,10.799999999999814,686.0,0.06381925600939373,2.067016941578411,0.6771821886233429,1
2.100553260060303,10.799999999999814,687.0,0.06382562214351838,2.067430220896947,0.6773556329866666,1
2.100191061671774,10.799999999999814,688.0,0.06383200862259523,2.0678426653413102,0.6775283455395535,1
2.099829144338084,10.799999999999814,689.0,0.0638384153457107,2.0682542769815946,0.6777003287067449,1
2.0994675083741736,10.799999999999814,690.0,0.06384484221143885,2.068665057888422,0.6778715849172157,1
2.099106154076026,10.789999999999814,691.0,0.06359455201072274,2.0690750101200566,0.6819025201799214,1
2.0987450817430915,10.789999999999814,692.0,0.06360096325762567,2.0694841357343567,0.6820729938438335,1
2.098384291653254,10.789999999999814,693.0,0.06360739427706075,2.0698924367753477,0.6822427474497736,1
2.098023784100384,10.789999999999814,694.0,0.06361384496998079,2.0702999152933392,0.6824117833926475,1
2.097663559351873,10.789999999999814,695.0,0.06362031523984668,2.070706573322121,0.6825801040336024,1
2.0973036176766477,10.789999999999814,696.0,0.0636268049899662,2.0711124128939615,0.6827477117335436,1
2.096943959345365,10.779999999999815,697.0,0.06337737509147869,2.0715174360397097,0.6867718367211817,1
2.0965845846121325,10.779999999999815,698.0,0.06338384785854531,2.071921644778952,0.6869386867657155,1
2.096225493728375,10.779999999999815,699.0,0.0633903397488852,2.0723250411274337,0.6871048306068357,1
2.095866686941019,10.779999999999815,700.0,0.06339685066826238,2.072727627096065,0.6872702705696574,1
2.0955081644904,10.779999999999815,701.0,0.0634033805230882,2.0731294046897655,0.6874350089691865,1
2.0951499266090923,10.779999999999815,702.0,0.06340992922052527,2.073530375906864,0.6875990481089393,1
2.094791973530953,10.769999999999815,703.0,0.06316135217546402,2.0739305427438564,0.6916164237233728,1
2.094434305469821,10.769999999999815,704.0,0.06316788259202696,2.0743299071840147,0.6917797293816756,1
2.0940769226538767,10.769999999999815,705.0,0.06317443150755193,2.074728471215796,0.6919423423505413,1
2.0937198252872364,10.769999999999815,706.0,0.0631809988322948,2.0751262368121823,0.6921042648893796,1
2.093363013584249,10.769999999999815,707.0,0.06318758447553495,2.075523205949122,0.6922654992675279,1
2.0930064877376306,10.769999999999815,708.0,0.0631941883486121,2.0759193805883496,0.6924260477260169,1
2.0926502479494817,10.759999999999815,709.0,0.0629464569767157,2.0763147626940754,0.6964367327056207,1
2.0922942944108653,10.759999999999815,710.0,0.0629530413328629,2.0767093542219466,0.6965965711832418,1
2.0919386273038305,10.759999999999815,711.0,0.06295964358855408,2.07710315712019,0.6967557301418787,1
2.0915832468124496,10.759999999999815,712.0,0.06296626365638887,2.077496173335431,0.6969142118017186,1
2.0912281531109347,10.759999999999815,713.0,0.06297290144989129,2.077888404806383,0.6970720183687038,1
2.0908733463702127,10.759999999999815,714.0,0.0629795568829187,2.078279853467305,0.6972291520423226,1
2.090518826749057,10.749999999999815,715.0,0.06273266425887832,2.078670521243233,0.7012332030585724,1
2.090164594417975,10.749999999999815,716.0,0.06273929899973914,2.0790604100604844,0.701389649574943,1
2.0898106495264437,10.749999999999815,717.0,0.0627459510626359,2.079449521838511,0.7015454294345989,1
2.089456992225948,10.749999999999815,718.0,0.06275262036381718,2.079837858487818,0.7017005448003499,1
2.0891036226626434,10.749999999999815,719.0,0.06275930681990895,2.0802254219157885,0.7018549978285165,1
2.0887505409775167,10.739999999999815,720.0,0.06251328492050898,2.0806122140242675,0.7058524782923361,1
2.0883977473083943,10.739999999999815,721.0,0.0625199497902349,2.0809982367106192,0.7060062623967627,1
2.0880452417850646,10.739999999999815,722.0,0.06252663150748677,2.081383491865122,0.7061593902698351,1
2.0876930245342216,10.739999999999815,723.0,0.06253332999120004,2.081767981373574,0.7063118640333164,1
2.087341095679181,10.739999999999815,724.0,0.06254004516062753,2.0821517071171547,0.706463685802249,1
2.0869894553382715,10.739999999999815,725.0,0.0625467769355366,2.0825346709715467,0.7066148576830098,1
2.0866381036250288,10.729999999999816,726.0,0.062301581180935234,2.0829168748070064,0.7106058023261703,1
2.086287040649481,10.729999999999816,727.0,0.0623082902972317,2.0832983204890785,0.7107563269513142,1
2.0859362665140577,10.729999999999816,728.0,0.06231501572314408,2.083679009876328,0.7109062076418435,1
2.0855857813209973,10.729999999999816,729.0,0.062321757380408016,2.0840589448243847,0.7110554464732848,1
2.0852355851656545,10.729999999999816,730.0,0.062328515191421456,2.0844381271822674,0.7112040455101196,1
2.0848856781412617,10.729999999999816,731.0,0.06233528907880595,2.0848165587949903,0.71135200681152,1
2.0845360603344574,10.719999999999816,732.0,0.06209091321191703,2.085194241501087,0.7153364668226283,1
2.0841867318265126,10.719999999999816,733.0,0.062097663421289806,2.0855711771333056,0.7154838019275918,1
2.08383769270036,10.719999999999816,734.0,0.06210442942198576,2.0859473675223703,0.715630505105695,1
2.0834889430302237,10.719999999999816,735.0,0.062111211138871865,2.0863228144913735,0.7157765783814283,1
2.083140482890349,10.719999999999816,736.0,0.062118008496843014,2.086697519860483,0.7159220237764448,1
2.0827923123434915,10.719999999999816,737.0,0.06212482142195188,2.087071485440734,0.7160668432957746,1
2.0824444314496176,10.719999999999816,738.0,0.06213164984050754,2.0874447130386993,0.7162110389382108,1
2.082096840276771,10.709999999999816,739.0,0.06188804767835195,2.087817204462327,0.7201890818514531,1
2.0817495388771916,10.709999999999816,740.0,0.06189485124820483,2.088188961508071,0.7203326754451504,1
2.0814025273037444,10.709999999999816,741.0,0.06190167003787431,2.0885599859697446,0.7204756508121151,1
2.081055805600556,10.709999999999816,742.0,0.06190850397560344,2.0889302796334612,0.7206180099199613,1
2.0807093738157993,10.709999999999816,743.0,0.06191535298935532,2.0892998442845006,0.7207597547381752,1
2.0803632319897396,10.709999999999816,744.0,0.06192221700783853,2.08966868170089,0.7209008872238354,1
2.080017380158001,10.699999999999816,745.0,0.061679422420337124,2.090036793655105,0.7248725508992429,1
2.0796718183557705,10.699999999999816,746.0,0.06168626067609564,2.090404181916398,0.7250131011508538,1
2.0793265466100603,10.699999999999816,747.0,0.06169311367366577,2.0907708482465504,0.7251530445726677,1
2.0789815649440024,10.699999999999816,748.0,0.061699981343839534,2.091136794402245,0.7252923830888078,1
2.0786368733880503,10.699999999999816,749.0,0.06170686361679155,2.0915020221410208,0.7254311186290896,1
2.078292471956797,10.699999999999816,750.0,0.06171376042418148,2.091866533208849,0.7255692531013658,1
2.077948360666801,10.689999999999817,751.0,0.06147176779847836,2.0922303293496842,0.729534583218362,1
2.077604539529155,10.689999999999817,752.0,0.06147863797460708,2.0925934123014778,0.7296721547252267,1
2.0772610085589953,10.689999999999817,753.0,0.06148552243105729,2.0929557838012665,0.729809130542943,1
2.0769177677504578,10.689999999999817,754.0,0.061492421101886546,2.0933174455717243,0.7299455125422492,1
2.076574817114442,10.689999999999817,755.0,0.06149933391967004,2.0936783993414325,0.7300813026107966,1
2.076232156645549,10.689999999999817,756.0,0.06150626081853502,2.0940386468271233,0.7302165026136944,1
2.0758897863414476,10.679999999999817,757.0,0.0612650647281666,2.0943981897440866,0.7341755432388812,1
2.075547706195092,10.679999999999817,758.0,0.061271964170431105,2.0947570298019493,0.7343101990196956,1
2.0752059161965684,10.679999999999817,759.0,0.061278877449032244,2.0951151687056915,0.7344442699807552,1
2.0748644163295333,10.679999999999817,760.0,0.06128580449960402,2.0954726081537376,0.7345777579612567,1
2.0745232065792765,10.679999999999817,761.0,0.06129274525766936,2.095829349842245,0.7347106647991888,1
2.0741822869242803,10.679999999999817,762.0,0.061299699659473024,2.096185395460601,0.7348429923212909,1
2.073841657346582,10.669999999999817,763.0,0.06105929485572731,2.0965407466969537,0.7387957859725345,1
2.07350131780884,10.669999999999817,764.0,0.06106622101767836,2.096895405225927,0.7389275874971089,1
2.073161268293734,10.669999999999817,765.0,0.0610731605871566,2.097249372729739,0.7390588148286972,1
2.0728215087609234,10.669999999999817,766.0,0.0610801135025946,2.0976026508751127,0.7391894697585788,1
2.0724820391833587,10.669999999999817,767.0,0.06108707970128575,2.0979552413327496,0.739319554090694,1
2.0721428595188236,10.669999999999817,768.0,0.061094059121987,2.0983071457620626,0.7394490696077236,1
2.071803969721572,10.669999999999817,769.0,0.06110105170381449,2.0986583658174007,0.7395780180849341,1
2.071465369760379,10.659999999999817,770.0,0.060861390965477914,2.099008903157768,0.7435246645315405,1
2.071127059580019,10.659999999999817,771.0,0.06086835439714507,2.099358759426099,0.7436531079632596,1
2.0707890391315353,10.659999999999817,772.0,0.06087533076352381,2.0997079362655486,0.7437809893333689,1
2.070451308370507,10.659999999999817,773.0,0.060882320004134786,2.100056435318515,0.7439083104055566,1
2.0701138672367185,10.659999999999817,774.0,0.06088932205997381,2.1004042582157636,0.7440350729214906,1
2.069776715674271,10.659999999999817,775.0,0.06089633687174942,2.100751406587201,0.7441612786247578,1
2.0694398536176526,10.649999999999817,776.0,0.060657457128794647,2.1010978820543826,0.7481017656749331,1
2.0691032810187533,10.649999999999817,777.0,0.06066444209082922,2.1014436862450254,0.7482274835009326,1
2.0687669977965,10.649999999999817,778.0,0.06067143959135339,2.101788820766001,0.7483526493615669,1
2.0684310038967832,10.649999999999817,779.0,0.06067844957139674,2.1021332872354224,0.7484772649892675,1
2.068095299240585,10.649999999999817,780.0,0.06068547197432972,2.102477087254882,0.7486013320835929,1
2.067759883759864,10.649999999999817,781.0,0.060692506742601425,2.10282022242867,0.7487248523539174,1
2.0674247573784323,10.649999999999817,782.0,0.06069955381944255,2.1031626943534985,0.7488478274966419,1
2.0670899200194617,10.639999999999818,783.0,0.06046140751397599,2.103504504622564,0.752782267036155,1
2.0667553716009155,10.639999999999818,784.0,0.060468423924309705,2.1038456548230573,0.7529047740461239,1
2.0664211120435088,10.639999999999818,785.0,0.060475452433694475,2.104186146540464,0.7530267406534943,1
2.0660871412597483,10.639999999999818,786.0,0.06048249298690421,2.104525981352664,0.7531481685278851,1
2.065753459164807,10.639999999999818,787.0,0.060489545528565114,2.104865160835768,0.7532690593388145,1
2.0654200656682526,10.639999999999818,788.0,0.06049661000384803,2.1052036865596864,0.7533894147458577,1
2.065086960677915,10.629999999999818,789.0,0.060259235117761725,2.1055415600901926,0.7573177759183858,1
2.0647541441009127,10.629999999999818,790.0,0.060266268303146235,2.1058787829894863,0.7574376793725712,1
2.0644216158413062,10.629999999999818,791.0,0.060273313219989355,2.1062153568149133,0.7575570520362167,1
2.064089375799066,10.629999999999818,792.0,0.06028036981484848,2.1065512831184403,0.757675895544105,1
2.0637574238751384,10.629999999999818,793.0,0.06028743803431099,2.106886563449339,0.7577942115288723,1
2.06342575996688,10.629999999999818,794.0,0.06029451782529688,2.1072211993517653,0.7579120016156071,1
2.063094383966502,10.629999999999818,795.0,0.060301609135315286,2.1075551923639075,0.7580292674199716,1
2.0627632957731254,10.619999999999818,796.0,0.060064957845551686,2.107888544024455,0.7619516733562772,1
2.062432495267815,10.619999999999818,797.0,0.06007201713310672,2.1082212558592195,0.762068505835982,1
2.062101982347754,10.619999999999818,798.0,0.06007908774514577,2.1085533293994425,0.7621848185263214,1
2.061771756896054,10.619999999999818,799.0,0.0600861696304924,2.1088847661656245,0.7623006130187304,1
2.0614418187982424,10.619999999999818,800.0,0.06009326273782854,2.1092155676763524,0.7624158909042067,1
2.0611121679366584,10.619999999999818,801.0,0.060100367016183376,2.10954573544531,0.7625306537666605,1
2.0607828041937473,10.619999999999818,802.0,0.06010748241464645,2.1098752709830304,0.7626449031868157,1
2.0604537274456027,10.609999999999818,803.0,0.059871549925423,2.1102041757934407,0.7665614010514528,1
2.060124937565889,10.609999999999818,804.0,0.05987863261125836,2.1105324513759642,0.7666752351997554,1
2.059796434435327,10.609999999999818,805.0,0.05988572623072874,2.1108600992306026,0.7667885602722186,1
2.0594682179247976,10.609999999999818,806.0,0.05989283073449016,2.1111871208489013,0.7669013778224094,1
2.0591402879050933,10.609999999999818,807.0,0.05989994607328074,2.11151351771913,0.7670136894004471,1
2.058812644244455,10.609999999999818,808.0,0.05990707219813679,2.1118392913250243,0.7671254965501368,1
2.058485286811675,10.599999999999818,809.0,0.05967189787717282,2.112164443147403,0.7710360291917828,1
2.0581582154704967,10.599999999999818,810.0,0.059678990770036994,2.112488974661176,0.7711474358516222,1
2.0578314300864218,10.599999999999818,811.0,0.059686094268738527,2.11281288733902,0.7712583423504724,1
2.0575049305167306,10.599999999999818,812.0,0.059693208325811556,2.1131361826459996,0.7713687502056847,1
2.057178716627251,10.599999999999818,813.0,0.05970033289310192,2.113458862048572,0.7714786609414537,1
2.0568527882712813,10.599999999999818,814.0,0.05970746792365094,2.1137809270032917,0.7715880760637768,1
2.0565271453092016,10.599999999999818,815.0,0.059714613369963455,2.1141023789673197,0.7716969970837522,1
2.056201787594152,10.589999999999819,816.0,0.059480149081237714,2.1144232193907495,0.7756017035334997,1
2.055876714980831,10.589999999999819,817.0,0.059487260678457825,2.1147434497213147,0.7757102411075107,1
2.0555519273208116,10.589999999999819,818.0,0.05949438251837425,2.1150630714019067,0.7758182887301901,1
2.0552274244590154,10.589999999999819,819.0,0.059501514555368736,2.115382085868667,0.7759258478808864,1
2.0549032062480217,10.589999999999819,820.0,0.05950865674321761,2.115700494558656,0.7760329200447245,1
2.054579272533403,10.589999999999819,821.0,0.059515809036411314,2.1160182989020004,0.776139506695197,1
2.054255623161352,10.589999999999819,822.0,0.059522971389427234,2.116335500325995,0.7762456093032346,1
2.0539322579742625,10.579999999999819,823.0,0.05928921287122875,2.116652100252717,0.7801445314297264,1
2.0536091768189215,10.579999999999819,824.0,0.059296340794534025,2.1169681001034095,0.780250267119968,1
2.053286379521683,10.579999999999819,825.0,0.05930347861220669,2.1172835012852547,0.7803555227965584,1
2.052963865935319,10.579999999999819,826.0,0.05931062627866526,2.1175983052163567,0.7804602999248478,1
2.0526416358913724,10.579999999999819,827.0,0.05931778375030049,2.117912513300318,0.7805645999417237,1
2.0523196892266657,10.579999999999819,828.0,0.059324950983132424,2.1182261269403964,0.7806684242870263,1
2.0519980257757937,10.579999999999819,829.0,0.05933212793342512,2.1185391475355027,0.7807717743946507,1
2.051676645371207,10.569999999999819,830.0,0.059099071093607694,2.118851576480237,0.7846649523393749,1
2.051355547844233,10.569999999999819,831.0,0.05910621306938248,2.1191634151654513,0.7847679515447714,1
2.05103473302538,10.569999999999819,832.0,0.0591133646026679,2.1194746649784046,0.7848704804462516,1
2.0507142007418597,10.569999999999819,833.0,0.05912052565089192,2.1197853273014347,0.784972540455654,1
2.050393950822885,10.569999999999819,834.0,0.05912769617139941,2.120095403514812,0.7850741329839022,1
2.050073983094733,10.569999999999819,835.0,0.05913487612187497,2.120404894994095,0.785175259435148,1
2.049754297377891,10.569999999999819,836.0,0.05914206546059875,2.1207138031085955,0.7852759212033722,1
2.0494348934981086,10.55999999999982,837.0,0.05890970636850716,2.1210221292273066,0.7891633934461948,1
2.049115771279105,10.55999999999982,838.0,0.05891686022074328,2.121329874714997,0.7892637198504355,1
2.0487969305379807,10.55999999999982,839.0,0.05892402330726439,2.1216370409297802,0.7893635854031991,1
2.048478371098163,10.55999999999982,840.0,0.058931195586611015,2.1219436292299942,0.7894629914887195,1
2.048160092771621,10.55999999999982,841.0,0.05893837701837315,2.1222496409647533,0.789561939474396,1
2.047842095379251,10.55999999999982,842.0,0.058945567561476876,2.122555077484802,0.7896604307349084,1
2.0475243787380912,10.55999999999982,843.0,0.058952767175239146,2.1228599401357333,0.7897584666371171,1
2.0472069426581267,10.54999999999982,844.0,0.05872110205369589,2.1231642302562084,0.7936402700641074,1
2.046889786953701,10.54999999999982,845.0,0.05872826570139989,2.1234679491841493,0.7937379856640561,1
2.0465729114393056,10.54999999999982,846.0,0.058735438271770996,2.1237710982544233,0.7938352496354693,1
2.04625631591851,10.54999999999982,847.0,0.058742619725829705,2.124073678792967,0.7939320633160964,1
2.045940000210524,10.54999999999982,848.0,0.05874981002327184,2.1243756921309607,0.794028428058932,1
2.045623964113466,10.54999999999982,849.0,0.05875700912578622,2.124677139585241,0.7941243451887512,1
2.0453082074422393,10.54999999999982,850.0,0.05876421699360668,2.124978022478485,0.7942198160469185,1
2.0449927300011868,10.54999999999982,851.0,0.05877143358801505,2.125278342124657,0.7943148419590513,1
2.044677531595319,10.53999999999982,852.0,0.058540413663987816,2.1255780998349842,0.798191151176243,1
2.0443626120219647,10.53999999999982,853.0,0.05854759373945752,2.1258772969135324,0.7982858737016518,1
2.0440479710937813,10.53999999999982,854.0,0.0585547823994781,2.1261759346694262,0.7983801549044929,1
2.0437336086051667,10.53999999999982,855.0,0.05856197960668653,2.126474014399007,0.7984739960855944,1
2.043419524359729,10.53999999999982,856.0,0.058569185322990665,2.1267715374004386,0.7985673985534203,1
2.043105718155368,10.53999999999982,857.0,0.058576399510896215,2.1270685049657754,0.7986603636064422,1
2.042792189792992,10.53999999999982,858.0,0.058583622132719636,2.1273649183856214,0.798752892543467,1
2.042478939068051,10.52999999999982,859.0,0.05835328893030447,2.1276607789445876,0.8026236074931294,1
2.0421659657797355,10.52999999999982,860.0,0.05836047461613221,2.1279560879262394,0.8027158471612983,1
2.041853269715846,10.52999999999982,861.0,0.05836766860008534,2.128250846605019,0.8028076542308016,1
2.04154085067897,10.52999999999982,862.0,0.05837487084480517,2.1285450562601937,0.802899029989482,1
2.041228708458614,10.52999999999982,863.0,0.05838208131418506,2.128838718161025,0.8029899757065109,1
2.0409168428517774,10.52999999999982,864.0,0.05838929997153937,2.129131833577705,0.8030804926566799,1
2.0406052536414925,10.52999999999982,865.0,0.05839652678147099,2.1294244037699768,0.8031705820950783,1
2.0402939406280316,10.51999999999982,866.0,0.05816687695946761,2.1297164300037146,0.807035735011872,1
2.0399829035940997,10.51999999999982,867.0,0.058174066444407604,2.1300079135324186,0.8071255488699702,1
2.0396721423281066,10.51999999999982,868.0,0.058181263950419344,2.130298855609607,0.8072149386535956,1
2.0393616566209385,10.51999999999982,869.0,0.058188469441929416,2.130589257487087,0.8073039056142892,1
2.039051446261107,10.51999999999982,870.0,0.05819568288364589,2.1308791204123905,0.8073924509975969,1
2.038741511032136,10.51999999999982,871.0,0.05820290424077223,2.1311684456273805,0.8074805760399779,1
2.0384318507235966,10.51999999999982,872.0,0.058210133478103,2.1314572343741416,0.8075682819818559,1
2.038122465108362,10.51999999999982,873.0,0.05821737056194905,2.13174548788288,0.8076555700407502,1
2.037813353980528,10.50999999999982,874.0,0.05798835537282791,2.1320332073920705,0.8115153473494277,1
2.037504517120602,10.50999999999982,875.0,0.05799555467716504,2.1323203941299793,0.81160237522342,1
2.0371959543112355,10.50999999999982,876.0,0.05800276170140483,2.13260704932304,0.8116889885592244,1
2.0368876653314807,10.50999999999982,877.0,0.05800997641181338,2.1328931741927595,0.811775188568961,1
2.0365796499598168,10.50999999999982,878.0,0.05801719877477414,2.1331787699574014,0.8118609764609466,1
2.0362719079760163,10.50999999999982,879.0,0.058024428756639775,2.1334638378328967,0.8119463534418179,1
2.0359644391642764,10.50999999999982,880.0,0.05803166632346984,2.133748379034594,0.8120313207203154,1
2.0356572432961837,10.49999999999982,881.0,0.05780332812873399,2.134032394768163,0.815885601115939,1
2.0353503201537055,10.49999999999982,882.0,0.05781052758232137,2.1343158862418297,0.8159703210306513,1
2.035043669508971,10.49999999999982,883.0,0.05781773450022169,2.1345988546556303,0.8160546344850463,1
2.034737291141189,10.49999999999982,884.0,0.057824948849384064,2.134881301210427,0.8161385426694188,1
2.0344311848222754,10.49999999999982,885.0,0.05783217059750438,2.1351632271002625,0.8162220467623305,1
2.034125350331573,10.49999999999982,886.0,0.05783939971170078,2.135444633520162,0.8163051479479484,1
2.0338197874331967,10.49999999999982,887.0,0.05784663616048176,2.135725521654146,0.8163878473893724,1
2.0335144959082667,10.49999999999982,888.0,0.0578538799109739,2.1360058926923364,0.8164701462666393,1
2.033209475527289,10.48999999999982,889.0,0.057626170019580786,2.1362857478162827,0.8203191234922664,1
2.032904726059129,10.48999999999982,890.0,0.057633375262063156,2.136565088203749,0.8204011894458951,1
2.0326002472778053,10.48999999999982,891.0,0.05764058769019964,2.1368439150323097,0.8204828579889285,1
2.0322960389496645,10.48999999999982,892.0,0.05764780727286698,2.1371222294725674,0.8205641302715883,1
2.031992100847953,10.48999999999982,893.0,0.05765503397843555,2.1374000326958726,0.8206450074491194,1
2.031688432740663,10.48999999999982,894.0,0.05766226777579794,2.1376773258678927,0.8207254906674881,1
2.0313850343895643,10.48999999999982,895.0,0.057669508634471754,2.137954110148098,0.8208055810622352,1
2.0310819055715346,10.479999999999821,896.0,0.05744246986902408,2.1382303867010686,0.8246491206670321,1
2.030779046048521,10.479999999999821,897.0,0.057449671935093295,2.13850615668059,0.8247289901637094,1
2.030476455588621,10.479999999999821,898.0,0.057456880950067776,2.1387814212408305,0.8248084699188969,1
2.0301741339588353,10.479999999999821,899.0,0.05746409688345113,2.139056181532491,0.8248875610620376,1
2.0298720809198887,10.479999999999821,900.0,0.05747131970541535,2.1393304387000844,0.8249662647121301,1
2.029570296239182,10.479999999999821,901.0,0.057478549385626104,2.1396041938887893,0.8250445819929617,1
2.029268779683768,10.479999999999821,902.0,0.05748578589381651,2.139877448240744,0.8251225140248599,1
2.0289675310103834,10.479999999999821,903.0,0.05749302920075375,2.1401502028897648,0.825200061912952,1
2.0286665499828467,10.469999999999821,904.0,0.05726661296803497,2.140422458970563,0.8290383643299781,1
2.0283658363695047,10.469999999999821,905.0,0.05727381714187845,2.1406942176174106,0.8291157048681652,1
2.0280653899281984,10.469999999999821,906.0,0.05728102800691182,2.140965479956168,0.8291926642526857,1
2.0277652104215025,10.469999999999821,907.0,0.05728824553381602,2.141236247112374,0.829269243583451,1
2.0274652976071916,10.469999999999821,908.0,0.05729546969378409,2.1415065202061916,0.8293454439516958,1
2.027165651249175,10.469999999999821,909.0,0.057302700457556914,2.141776300358202,0.8294212664528413,1
2.026866271104993,10.469999999999821,910.0,0.0573099377964968,2.142045588682825,0.8294967121718275,1
2.0265671569367263,10.469999999999821,911.0,0.05731718168167875,2.1423143862940246,0.8295717821958786,1
2.026268308498217,10.459999999999821,912.0,0.05709138525573161,2.142582694298635,0.8334048805154222,1
2.025969725551996,10.459999999999821,913.0,0.057098589694227674,2.142850513805263,0.833479756285608,1
2.025671407854117,10.459999999999821,914.0,0.057105800576240394,2.1431178459162896,0.833554259259323,1
2.025373355162324,10.459999999999821,915.0,0.05711301787365955,2.143384691732209,0.8336283905067987,1
2.0250755672334866,10.459999999999821,916.0,0.05712024155851194,2.143651052350262,0.8337021510942484,1
2.0247780438253176,10.459999999999821,917.0,0.05712747160285674,2.143916928865349,0.8337755420858886,1
2.0244807846893687,10.459999999999821,918.0,0.057134707979346756,2.1441823223663437,0.8338485645357228,1
2.024183789588235,10.459999999999821,919.0,0.05714195065977437,2.1444472339451703,0.8339212195077494,1
2.023887058270552,10.449999999999822,920.0,0.056916771450333206,2.144711664683637,0.8377491451766206,1
2.0235905904944325,10.449999999999822,921.0,0.05692397439584232,2.14497561566576,0.8378216185577649,1
2.0232943860142605,10.449999999999822,922.0,0.05693118354680602,2.145239087970872,0.8378937272763944,1
2.022998444583102,10.449999999999822,923.0,0.05693839887626921,2.1455020826748235,0.8379654723735563,1
2.02270276595812,10.449999999999822,924.0,0.05694562035700598,2.145764600852902,0.8380368548921822,1
2.0224073498819064,10.449999999999822,925.0,0.05695284796313841,2.1460266435699773,0.8381078758551637,1
2.02211219611763,10.449999999999822,926.0,0.056960081667075016,2.146288211899008,0.8381785363065801,1
2.0218173044144567,10.449999999999822,927.0,0.05696732144253065,2.1465493069028803,0.8382488372711834,1
2.021522674526648,10.439999999999822,928.0,0.05674275698695009,2.146809929644407,0.8420716201728258,1
2.0212283061970675,10.439999999999822,929.0,0.05674995676364601,2.147070081177696,0.842141751788265,1
2.0209341991903886,10.439999999999822,930.0,0.0567571625165033,2.147329762565616,0.8422115266641172,1
2.020640353243666,10.439999999999822,931.0,0.05676437422070891,2.14758897485381,0.8422809457993645,1
2.020346768120825,10.439999999999822,932.0,0.05677159184921056,2.1478477190993535,0.8423500102215717,1
2.020053443560532,10.439999999999822,933.0,0.05677881537720656,2.1481059963433236,0.8424187209257847,1
2.0197603793185723,10.439999999999822,934.0,0.05678604477851936,2.1483638076331206,0.8424870789242285,1
2.0194675751449944,10.439999999999822,935.0,0.05679328002751553,2.1486211540104394,0.8425550852195127,1
2.019175030787046,10.429999999999822,936.0,0.056569327985500496,2.1488780365128335,0.8463727537184462,1
2.0188827459954015,10.429999999999822,937.0,0.056576522994499716,2.1491344561769763,0.8464406025079543,1
2.018590720517006,10.429999999999822,938.0,0.056583723760400405,2.149390414034903,0.8465081022540144,1
2.018298954100385,10.429999999999822,939.0,0.05659093025816424,2.1496459111168376,0.8465752539460771,1
2.018007446495057,10.429999999999822,940.0,0.05659814246271917,2.1499009484508433,0.8466420585718712,1
2.0177161974486815,10.429999999999822,941.0,0.056605360349229375,2.1501555270613824,0.8467085171141187,1
2.0174252067057727,10.429999999999822,942.0,0.056612583893220075,2.1504096479685892,0.8467746305489761,1
2.0171344740197408,10.429999999999822,943.0,0.05661981306954082,2.1506633121946406,0.8468403998601861,1
2.0168439991269795,10.419999999999822,944.0,0.056396471215381494,2.1509165207501644,0.8506529808822665,1
2.0165537817849235,10.419999999999822,945.0,0.056403659933019774,2.151169274654172,0.8507186041320258,1
2.016263821735353,10.419999999999822,946.0,0.05641085419605117,2.1514215749148478,0.8507838858404544,1
2.0159741187238422,10.419999999999822,947.0,0.05641805398040104,2.1516734225397562,0.8508488269709247,1
2.0156846724977595,10.419999999999822,948.0,0.05642525926192917,2.151924818534779,0.850913428486076,1
2.0153954828032283,10.419999999999822,949.0,0.056432470016671,2.1521757639025325,0.8509776913442777,1
2.0151065493859583,10.419999999999822,950.0,0.056439686220781694,2.1524262596428234,0.8510416165006143,1
2.0148178719849654,10.419999999999822,951.0,0.05644690785106104,2.152676306749358,0.8511052048995416,1
2.014529450352514,10.409999999999823,952.0,0.056224174067726285,2.1529259062201698,0.8549127239885597,1
2.014241284232095,10.409999999999823,953.0,0.05623135504089434,2.1531750590461516,0.8549761774021103,1
2.0139533733673196,10.409999999999823,954.0,0.056238541355977674,2.1534237662156377,0.8550392965795373,1
2.013665717501099,10.409999999999823,955.0,0.05624573298985936,2.1536720287140376,0.8551020824588265,1
2.0133783163802565,10.409999999999823,956.0,0.05625292991916005,2.153919847526244,0.8551645359797662,1
2.0130911697467466,10.409999999999823,957.0,0.05626013212098763,2.1541672236320357,0.855226658073684,1
2.012804277345286,10.409999999999823,958.0,0.056267339572315785,2.154414158010076,0.8552884496723681,1
2.0125176389188555,10.409999999999823,959.0,0.05627455225032143,2.1546606516355653,0.8553499117028183,1
2.0122312542123924,10.409999999999823,960.0,0.05628177013210177,2.1549067054821873,0.8554110450915748,1
2.011945122964257,10.399999999999823,961.0,0.056059596368261695,2.1551523205176375,0.859213730804449,1
2.011659244923917,10.399999999999823,962.0,0.05606677335754312,2.155397497712902,0.859274741429076,1
2.011373619830493,10.399999999999823,963.0,0.056073955470659444,2.155642238030995,0.8593354258464148,1
2.0110882474265233,10.399999999999823,964.0,0.05608114268531525,2.1558865424342257,0.8593957849693976,1
2.010803127456661,10.399999999999823,965.0,0.05608833497910869,2.1561304118834594,0.8594558197106741,1
2.010518259660779,10.399999999999823,966.0,0.05609553233013666,2.15637384733458,0.8595155309746241,1
2.0102336437865973,10.399999999999823,967.0,0.05610273471588685,2.1566168497450344,0.8595749196720448,1
2.0099492795646667,10.399999999999823,968.0,0.05610994211538279,2.1568594200608304,0.859633986691013,1
2.009665166748286,10.389999999999823,969.0,0.05588837252630222,2.1571015592373266,0.8634316609751087,1
2.0093813050772305,10.389999999999823,970.0,0.0558955388760896,2.157343268220351,0.8634906155460222,1
2.009097694285997,10.389999999999823,971.0,0.05590271016247343,2.1575845479504827,0.8635492508106271,1
2.0088143341242795,10.389999999999823,972.0,0.05590988636328221,2.1578253993737517,0.863607567668687,1
2.0085312243323563,10.389999999999823,973.0,0.05591706745719008,2.158065823428809,0.8636655670063194,1
2.0082483646442517,10.389999999999823,974.0,0.055924253423470696,2.1583058210485513,0.8637232496996514,1
2.007965754810174,10.389999999999823,975.0,0.05593144424012053,2.158545393171883,0.8637806166410409,1
2.0076833945659907,10.389999999999823,976.0,0.05593863988640081,2.1587845407277575,0.8638376687034472,1
2.007401283654091,10.389999999999823,977.0,0.05594584034113679,2.1590232646460663,0.8638944067647663,1
2.0071194218189072,10.379999999999823,978.0,0.05572482711968113,2.1592615658553393,0.8676873026678624,1
2.0068378087945136,10.379999999999823,979.0,0.055731986333681316,2.1594994452762477,0.8677439396720237,1
2.0065564443228374,10.379999999999823,980.0,0.055739150282699525,2.1597369038311345,0.8678002649692853,1
2.0062753281493824,10.379999999999823,981.0,0.05574631894567533,2.1599739424417663,0.8678562794307552,1
2.00599446000846,10.379999999999823,982.0,0.055753492302545005,2.1602105620216574,0.8679119839118767,1
2.0057138396469605,10.379999999999823,983.0,0.05576067033227759,2.160446763488448,0.8679673792801172,1
2.005433466799407,10.379999999999823,984.0,0.05576785301494734,2.1606825477509495,0.8680224663859424,1
2.0051533412105984,10.379999999999823,985.0,0.055775040329843345,2.160917915720872,0.8680772460891326,1
2.004873462617604,10.369999999999823,986.0,0.055554627804138446,2.161152868303545,0.871865175492174,1
2.0045938307641156,10.369999999999823,987.0,0.05556177375884983,2.161387406405307,0.8719198637402212,1
2.0043144453842614,10.369999999999823,988.0,0.055568924275549304,2.161621530925161,0.8719742468127956,1
2.004035306224266,10.369999999999823,989.0,0.055576079333808495,2.161855242766003,0.8720283255611168,1
2.003756413016193,10.369999999999823,990.0,0.05558323891443867,2.162088542820971,0.8720821008173312,1
2.0034777655113793,10.369999999999823,991.0,0.05559040299670761,2.16232143199088,0.8721355734334626,1
2.0031993634374943,10.369999999999823,992.0,0.055597571561951824,2.162553911161834,0.8721887442313832,1
2.0029212065432156,10.369999999999823,993.0,0.05560474458981876,2.162785981228528,0.8722416140548797,1
2.002643294567344,10.369999999999823,994.0,0.05561192206083429,2.1630176430781414,0.872294183733658,1
2.002365627245545,10.359999999999824,995.0,0.0553920626937644,2.163248897593877,0.8760773836970146,1
2.0020882043167973,10.359999999999824,996.0,0.05539919865358937,2.163479745658321,0.8761298725411131,1
2.001811025526276,10.359999999999824,997.0,0.05540633898889703,2.163710188154915,0.8761820634064299,1
2.0015340906130743,10.359999999999824,998.0,0.055413483680600006,2.163940225961631,0.8762339571130058,1
2.001257399312243,10.359999999999824,999.0,0.05542063270999721,2.1641698599519814,0.8762855544736161,1
2.000980951362433,10.359999999999824,1000.0,0.05542778605817108,2.1643990909990514,0.8763368563027194,1
2.000704746512296,10.359999999999824,1001.0,0.05543494370542846,2.1646279199787806,0.8763878634238649,1
2.0004287844933413,10.359999999999824,1002.0,0.055442105633599165,2.1648563477558995,0.8764385766381559,1
2.000153065045287,10.359999999999824,1003.0,0.05544927182388847,2.165084375197083,0.8764889967537182,1
1.9998775879126556,10.349999999999824,1004.0,0.05522996418566078,2.1653120031692037,0.8802674912504269,1
1.9996023528323816,10.349999999999824,1005.0,0.05523708873220803,2.165539232532882,0.8803178407815262,1
1.999327359541591,10.349999999999824,1006.0,0.05524421747620714,2.1657660641465766,0.8803678993129012,1
1.99905260778485,10.349999999999824,1007.0,0.05525135039882545,2.1659924988702906,0.880417667648485,1
1.9987780972949685,10.349999999999824,1008.0,0.05525848748229531,2.1662185375556566,0.8804671465760792,1
1.9985038278187741,10.349999999999824,1009.0,0.05526562870772666,2.1664441810592874,0.8805163368972784,1
1.9982297990919253,10.349999999999824,1010.0,0.055272774057255725,2.166669430229748,0.8805652393982439,1
1.9979560108556884,10.349999999999824,1011.0,0.055279923512625076,2.1668942859162406,0.8806138548691804,1
1.9976824628506655,10.349999999999824,1012.0,0.055287077055671444,2.1671187489653536,0.8806621840970503,1
1.9974091548106374,10.339999999999824,1013.0,0.05506831982115554,2.167342820217896,0.8844359955959582,1
1.9971360864796734,10.339999999999824,1014.0,0.055075431607750004,2.1675665005177582,0.884484264101024,1
1.9968632576020748,10.339999999999824,1015.0,0.055082547419905564,2.16778979070668,0.8845322484020264,1
1.9965906679085124,10.339999999999824,1016.0,0.05508966724065915,2.168012691617145,0.8845799492648094,1
1.9963183171408854,10.339999999999824,1017.0,0.0550967910522024,2.1682352040851796,0.8846273674657743,1
1.9960462050436412,10.339999999999824,1018.0,0.05510391883657159,2.168457328945926,0.8846745037818775,1
1.9957743313546825,10.339999999999824,1019.0,0.05511105057642462,2.1686790670288816,0.884721358980022,1
1.9955026958147402,10.339999999999824,1020.0,0.05511818625423963,2.168900419162834,0.8847679338280201,1
1.995231298157759,10.339999999999824,1021.0,0.05512532585316722,2.169121386170815,0.8848142290833598,1
1.9949601381307172,10.329999999999824,1022.0,0.054907117794995755,2.1693419688804023,0.8885833786258854,1
1.994689215474592,10.329999999999824,1023.0,0.054914215541070587,2.1695621681138526,0.8886296226805366,1
1.994418529919758,10.329999999999824,1024.0,0.05492131714918307,2.1697819846857747,0.888675589114404,1
1.9941480812156838,10.329999999999824,1025.0,0.05492842260154055,2.170001419418423,0.888721278693557,1
1.9938778690993946,10.329999999999824,1026.0,0.054935531881420786,2.170220473125459,0.8887666921672814,1
1.9936078933122656,10.329999999999824,1027.0,0.05494264497182641,2.170439146620581,0.8888118302874963,1
1.993338153596494,10.329999999999824,1028.0,0.05494976185575326,2.1706574407157766,0.8888566938047398,1
1.9930686496858399,10.329999999999824,1029.0,0.054956882516976995,2.1708753562164738,0.8889012834573653,1
1.9927993813241096,10.329999999999824,1030.0,0.05496400693849728,2.1710928939311342,0.8889455999930209,1
1.9925303482522312,10.319999999999824,1031.0,0.054746346922560016,2.171310054664575,0.8927101072380887,1
1.9922615502141776,10.319999999999824,1032.0,0.05475342941265631,2.171526839221016,0.8927543817356536,1
1.9919929869452124,10.319999999999824,1033.0,0.054760515606538746,2.1717432483980534,0.8927983850288874,1
1.9917246581914299,10.319999999999824,1034.0,0.054767605487376456,2.171959282996709,0.8928421178588555,1
1.9914565636854773,10.319999999999824,1035.0,0.05477469903950633,2.172174943808945,0.8928855809487328,1
1.9911887031773756,10.319999999999824,1036.0,0.05478179624589763,2.172390231633532,0.8929287750394623,1
1.9909210764036671,10.319999999999824,1037.0,0.054788897090719005,2.172605147260177,0.8929717008540694,1
1.990653683107436,10.319999999999824,1038.0,0.05479600155764527,2.1728196914798197,0.8930143591208186,1
1.9903865230235804,10.319999999999824,1039.0,0.05480310963111113,2.173033865077089,0.8930567505562028,1
1.9901195959041698,10.309999999999825,1040.0,0.054585996609880096,2.173247668843314,0.8968166338575039,1
1.9898529014811583,10.309999999999825,1041.0,0.05459306268908607,2.1734611035573828,0.8968589920874086,1
1.9895864394996654,10.309999999999825,1042.0,0.054600132320200355,2.173674170002848,0.8969010853489763,1
1.9893202097032758,10.309999999999825,1043.0,0.0546072054872723,2.17388686896036,0.8969429143597072,1
1.9890542118303205,10.309999999999825,1044.0,0.054614282174855575,2.1740992012057987,0.8969844798287621,1
1.9887884456245513,10.309999999999825,1045.0,0.05462136236711642,2.1743111675157354,0.8970257824692776,1
1.9885229108282416,10.309999999999825,1046.0,0.05462844604841485,2.174522768663887,0.8970668229903922,1
1.9882576071840772,10.309999999999825,1047.0,0.054635533203137555,2.174734005422124,0.8971076020994688,1
1.9879925344263591,10.309999999999825,1048.0,0.05464262381645235,2.1749448785559156,0.8971481204918832,1
1.9877276923076546,10.309999999999825,1049.0,0.05464971787204706,2.1751553888380712,0.8971883788818962,1
1.987463080565978,10.299999999999825,1050.0,0.054433105396673745,2.175365537031841,0.9009438906327889,1
1.987198698943408,10.299999999999825,1051.0,0.05444015737401944,2.175575323900518,0.9009841254265314,1
1.9869345471850208,10.299999999999825,1052.0,0.054447212742188,2.175784750206882,0.9010241020110719,1
1.9866706250289108,10.299999999999825,1053.0,0.05445427148640514,2.1759938167080746,0.9010638210751212,1
1.9864069322228484,10.299999999999825,1054.0,0.054461333591175574,2.176202524164171,0.9011032833163388,1
1.9861434685065555,10.299999999999825,1055.0,0.05446839904172667,2.1764108733290684,0.9011424894208464,1
1.9858802336254637,10.299999999999825,1056.0,0.05447546782289022,2.1766188649575673,0.9011814400791427,1
1.9856172273196724,10.299999999999825,1057.0,0.054482539919991406,2.176826499799721,0.9012201359733611,1
1.9853544493346942,10.299999999999825,1058.0,0.05448961531799247,2.177033778606306,0.9012585777896425,1
1.9850918994167892,10.289999999999825,1059.0,0.054273548093279035,2.1772407021264883,0.9050095008427859,1
1.9848295773018911,10.289999999999825,1060.0,0.05428058138130017,2.177447271102128,0.9050479272316887,1
1.9845674827392206,10.289999999999825,1061.0,0.05428761792072645,2.1776534862798784,0.905086101285882,1
1.984305615475347,10.289999999999825,1062.0,0.05429465769672309,2.1778593484030297,0.9051240236841218,1
1.9840439752453582,10.289999999999825,1063.0,0.05430170069551252,2.1780648582070126,0.9051616950897483,1
1.9837825618017784,10.289999999999825,1064.0,0.054308746901900865,2.178270016434176,0.9051991161840114,1
1.983521374886011,10.289999999999825,1065.0,0.05431579630171496,2.178474823819204,0.905236287633173,1
1.9832604142404728,10.289999999999825,1066.0,0.054322848880728726,2.1786792810953077,0.9052732101024801,1
1.9829996796144636,10.289999999999825,1067.0,0.05432990462423397,2.1788833889972374,0.9053098842629466,1
1.982739170749361,10.289999999999825,1068.0,0.05433696351823314,2.1790871482537257,0.9053463107742923,1
1.982478887387315,10.279999999999825,1069.0,0.05412139545937202,2.17929055959194,0.9090928998122854,1
1.9822188292785925,10.279999999999825,1070.0,0.0541284121921085,2.179493623741231,0.9091293197968522,1
1.981958996167176,10.279999999999825,1071.0,0.05413543202811513,2.179696341425777,0.90916549381911,1
1.9816993877962905,10.279999999999825,1072.0,0.054142454953550086,2.179898713367409,0.9092014225325014,1
1.9814400039136184,10.279999999999825,1073.0,0.05414948095429012,2.180100740288315,0.9092371065934945,1
1.9811808442650067,10.279999999999825,1074.0,0.05415651001639626,2.1803024229077597,0.9092725466542675,1
1.9809219085938048,10.279999999999825,1075.0,0.054163542126222285,2.1805037619418317,0.9093077433620329,1
1.9806631966489976,10.279999999999825,1076.0,0.05417057726972284,2.180704758107552,0.909342697368362,1
1.98040470817474,10.279999999999825,1077.0,0.054177615433285836,2.1809054121175495,0.9093774093171474,1
1.9801464429160325,10.279999999999825,1078.0,0.05418465660332745,2.1811057246829444,0.9094118798511246,1
1.9798884006233046,10.269999999999825,1079.0,0.05396958720327239,2.181305696515742,0.9131541527220048,1
1.97963058103916,10.269999999999825,1080.0,0.05397658617666975,2.181505328322011,0.9131886252774595,1
1.9793729839128913,10.269999999999825,1081.0,0.05398358811144679,2.181704620809336,0.9132228580511488,1
1.9791156089913118,10.269999999999825,1082.0,0.053990592994147865,2.181903574682129,0.9132568516797142,1
1.978858456021179,10.269999999999825,1083.0,0.053997600811401716,2.182102190642882,0.913290606797653,1
1.9786015247498074,10.269999999999825,1084.0,0.05400461154985848,2.182300469392462,0.9133241240380099,1
1.9783448149250173,10.269999999999825,1085.0,0.05401162519616953,2.182498411630125,0.9133574040323567,1
1.9780883262961757,10.269999999999825,1086.0,0.0540186417369391,2.1826960180540134,0.9133904474119574,1
1.9778320586053526,10.269999999999825,1087.0,0.05402566115943295,2.18289328935667,0.9134232547976089,1
1.977576011603988,10.259999999999826,1088.0,0.05381113505580147,2.18309022623355,0.9171609832312069,1
1.9773201850416804,10.259999999999826,1089.0,0.05381811229135551,2.1832868293772836,0.9171937998881532,1
1.977064578667484,10.259999999999826,1090.0,0.05382509236518939,2.183483099478373,0.9172263821400162,1
1.9768091922260873,10.259999999999826,1091.0,0.05383207526464035,2.1836790372232158,0.9172587306025919,1
1.9765540254713896,10.259999999999826,1092.0,0.05383906097637423,2.183874643301062,0.917290845900242,1
1.9762990781480005,10.259999999999826,1093.0,0.05384604948785919,2.184069918394575,0.9173227286446084,1
1.9760443500049287,10.259999999999826,1094.0,0.05385304078625855,2.184264863186802,0.9173543794503487,1
1.9757898407908134,10.259999999999826,1095.0,0.05386003485884851,2.1844594783587756,0.917385798929687,1
1.9755355502604421,10.259999999999826,1096.0,0.05386703169245574,2.1846537645927926,0.9174169876998699,1
1.9752814781633943,10.259999999999826,1097.0,0.053874031274378745,2.1848477225666865,0.9174479463701604,1
1.9750276242396385,10.249999999999826,1098.0,0.053660002951687207,2.185041352951578,0.9211813879273614,1
1.974773988248987,10.249999999999826,1099.0,0.05366696033982347,2.1852346564268412,0.9212123637761815,1
1.9745205699401245,10.249999999999826,1100.0,0.05367392043544336,2.1854276336643714,0.9212431110543764,1
1.9742673690610153,10.249999999999826,1101.0,0.05368088322630278,2.185620285333901,0.9212736303615434,1
1.9740143853636765,10.249999999999826,1102.0,0.053687848699857196,2.1858126121053867,0.9213039222999173,1
1.973761618600171,10.249999999999826,1103.0,0.05369481684361774,2.1860046146470133,0.9213339874698094,1
1.9735090685178778,10.249999999999826,1104.0,0.05370178764556438,2.186196293622802,0.9213638264641846,1
1.9732567348711336,10.249999999999826,1105.0,0.053708761093136506,2.18638764969849,0.9213934398820025,1
1.9730046174115563,10.249999999999826,1106.0,0.053715737174078154,2.1865786835366383,0.921422828317122,1
1.9727527158886815,10.249999999999826,1107.0,0.053722715876357595,2.186769395796985,0.9214519923590647,1
1.9725010300552148,10.249999999999826,1108.0,0.05372969718773633,2.1869597871390747,0.9214809325990097,1
1.9722495596655993,10.239999999999826,1109.0,0.053516121582558474,2.1871498582215527,0.9252103496453716,1
1.9719983044677587,10.239999999999826,1110.0,0.053523060679348526,2.1873396096980153,0.9252393155571752,1
1.9717472642204188,10.239999999999826,1111.0,0.05353000234602074,2.187529042225718,0.9252680591488474,1
1.971496438665283,10.239999999999826,1112.0,0.0535369465715286,2.1877181564515698,0.9252965809913718,1
1.9712458275685523,10.239999999999826,1113.0,0.053543893342864295,2.187906953033098,0.925324881681856,1
1.9709954306722508,10.239999999999826,1114.0,0.053550842649083344,2.1880954326138506,0.9253529617877685,1
1.9707452477401066,10.239999999999826,1115.0,0.053557794477516574,2.1882835958465856,0.9253808218995108,1
1.9704952785128604,10.239999999999826,1116.0,0.053564748817407144,2.1884714433707186,0.9254084625792363,1
1.9702455227546831,10.239999999999826,1117.0,0.053571705656182,2.1886589758357444,0.9254358844140131,1
1.9699959802184037,10.239999999999826,1118.0,0.05357866498223566,2.1888461938836894,0.9254630879759969,1
1.9697466506523071,10.229999999999826,1119.0,0.053365586839406086,2.1890330981525685,0.9291882461854841,1
1.969497533813507,10.229999999999826,1120.0,0.05337250397189015,2.1892196892831057,0.9292154826778396,1
1.9692486294587137,10.229999999999826,1121.0,0.0533794235546881,2.1894059679141,0.9292425023257931,1
1.9689999373447153,10.229999999999826,1122.0,0.05338634557613288,2.1895919346826815,0.9292693056986341,1
1.9687514572201208,10.229999999999826,1123.0,0.05339327002531093,2.1897775902201273,0.9292958933543873,1
1.9685031888404911,10.229999999999826,1124.0,0.05340019689077993,2.1899629351595125,0.9293222658571476,1
1.9682551319658728,10.229999999999826,1125.0,0.05340712616080676,2.1901479701344626,0.9293484237742584,1
1.968007286351214,10.229999999999826,1126.0,0.05341405782410969,2.190332695774337,0.9293743676653576,1
1.9677596517535605,10.229999999999826,1127.0,0.053420991869302666,2.1905171127078527,0.9294000980906094,1
1.9675122279221542,10.229999999999826,1128.0,0.05342792828570011,2.190701221558088,0.929425615599363,1
1.967265014621679,10.219999999999827,1129.0,0.05321534748629702,2.1908850229542303,0.9331465261250302,1
1.9670180116011469,10.219999999999827,1130.0,0.053222241741583104,2.191068517515871,0.9331720835422608,1
1.966771218622738,10.219999999999827,1131.0,0.05322913833225712,2.1912517058675656,0.9331974294339218,1
1.9665246354409973,10.219999999999827,1132.0,0.053236037247476845,2.1914345886283355,0.9332225643482144,1
1.9662782618114285,10.219999999999827,1133.0,0.053242938476348985,2.191617166416024,0.933247488832599,1
1.9660320974961973,10.219999999999827,1134.0,0.05324984200752984,2.191799439850145,0.9332722034402976,1
1.9657861422531904,10.219999999999827,1135.0,0.05325674783006272,2.191981409546406,0.9332967087178161,1
1.9655403958332254,10.219999999999827,1136.0,0.053263655933618315,2.192163076115295,0.9333210052017407,1
1.9652948580002503,10.219999999999827,1137.0,0.053270566306864095,2.192344440172244,0.9333450934418359,1
1.9650495285135752,10.219999999999827,1138.0,0.053277478938885896,2.1925255023287225,0.9333689739807647,1
1.9648044071263884,10.209999999999827,1139.0,0.05306539542781299,2.192706263191432,0.9370856468023119,1
1.9645594936031894,10.209999999999827,1140.0,0.05307226594311191,2.1928867233711586,0.9371095739424629,1
1.964314787698637,10.209999999999827,1141.0,0.05307913868387676,2.193066883472095,0.9371332947164688,1
1.9640702891749022,10.209999999999827,1142.0,0.05308601363926105,2.1932467441005503,0.9371568096631773,1
1.9638259977923402,10.209999999999827,1143.0,0.05309289079858156,2.1934263058603194,0.9371801193175913,1
1.9635819133070676,10.209999999999827,1144.0,0.0530997701515662,2.1936055693514263,0.9372032242080615,1
1.9633380354777326,10.209999999999827,1145.0,0.05310665168779689,2.1937845351735468,0.9372261248640372,1
1.963094364069139,10.209999999999827,1146.0,0.05311353539642105,2.1939632039278334,0.9372488218202153,1
1.9628508988418532,10.209999999999827,1147.0,0.05312042126695962,2.194141576211699,0.9372713156046728,1
1.9626076395541512,10.209999999999827,1148.0,0.05312730928920433,2.1943196526197872,0.9372936067410813,1
1.9623645859693417,10.209999999999827,1149.0,0.053134199452556964,2.1944974337476677,0.937315695757091,1
1.9621217378422802,10.199999999999827,1150.0,0.05292256902948839,2.1946749201850744,0.9410283949105533,1
1.961879094941658,10.199999999999827,1151.0,0.05292941710972974,2.194852112527075,0.9410505377237466,1
1.9616366570293369,10.199999999999827,1152.0,0.0529362672990971,2.19502901136371,0.9410724797108696,1
1.9613944238584209,10.199999999999827,1153.0,0.05294311958806156,2.195205617279068,0.9410942213810978,1
1.9611523951991892,10.199999999999827,1154.0,0.0529499739658258,2.195381930864236,0.9411157632614153,1
1.9609105708117118,10.199999999999827,1155.0,0.05295683042241024,2.1955579527036115,0.941137105865425,1
1.96066895046131,10.199999999999827,1156.0,0.05296368894752149,2.1957336833826484,0.9411582497109765,1
1.9604275339025188,10.199999999999827,1157.0,0.052970549531751766,2.1959091234798307,0.9411791953018824,1
1.9601863209084065,10.199999999999827,1158.0,0.05297741216426017,2.196084273581332,0.9411999431613371,1
1.9599453112346452,10.199999999999827,1159.0,0.05298427683566179,2.1962591342630815,0.94122049379099,1
1.9597045046487158,10.199999999999827,1160.0,0.05299114353567602,2.196433706105334,0.9412408477042105,1
1.9594639009178434,10.189999999999827,1161.0,0.052779966582644895,2.19660798968667,0.9449495838068855,1
1.9592234997945819,10.189999999999827,1162.0,0.05278679124578958,2.1967819855767847,0.9449699983997442,1
1.9589833010533964,10.189999999999827,1163.0,0.05279361790711672,2.1969556943547697,0.9449902175265621,1
1.9587433044583302,10.189999999999827,1164.0,0.052800446556872105,2.1971291165929587,0.9450102416901309,1
1.9585035097661165,10.189999999999827,1165.0,0.05280727718594644,2.197302252858516,0.9450300713832338,1
1.9582639167530007,10.189999999999827,1166.0,0.05281410978370811,2.197475103726785,0.9450497071191426,1
1.958024525172754,10.189999999999827,1167.0,0.052820944341392256,2.19764766976038,0.9450691493838677,1
1.9577853347999534,10.189999999999827,1168.0,0.05282778084860431,2.197819951530746,0.9450883986853895,1
1.9575463453965487,10.189999999999827,1169.0,0.05283461929601836,2.1979919496015277,0.9451074555156509,1
1.957307556731525,10.189999999999827,1170.0,0.05284145967379862,2.1981636645383347,0.945126320372897,1
1.9570689685644544,10.189999999999827,1171.0,0.05284830197291965,2.1983350969005864,0.9451449937429941,1
1.9568305806676254,10.179999999999827,1172.0,0.05263757894294006,2.1985062472525216,0.9488497760270456,1
1.956592392807121,10.179999999999827,1173.0,0.05264437926282271,2.19867711615376,0.9488685166657285,1
1.956354404746404,10.179999999999827,1174.0,0.052651181475218196,2.1988477041611465,0.9488870670238336,1
1.9561166162582826,10.179999999999827,1175.0,0.05265798557028256,2.19901801183464,0.9489054275957862,1
1.9558790271054718,10.179999999999827,1176.0,0.05266479153904032,2.1991880397276975,0.9489235988629015,1
1.955641637056193,10.179999999999827,1177.0,0.05267159937210101,2.199357788395024,0.9489415813110984,1
1.955404445881324,10.179999999999827,1178.0,0.052678409059933325,2.1995272583911523,0.948959375427662,1
1.9551674533502872,10.179999999999827,1179.0,0.05268522059316458,2.199696450268396,0.948976981696569,1
1.9549306592248132,10.179999999999827,1180.0,0.05269203396309768,2.1998653645737805,0.9489944005914248,1
1.9546940632763232,10.179999999999827,1181.0,0.05269884916028861,2.2000340018576505,0.949011632595194,1
1.9544576652786425,10.179999999999827,1182.0,0.05270566617518434,2.200202362670082,0.9490286781919515,1
1.9542214649943896,10.169999999999828,1183.0,0.0524953975844402,2.200370447554111,0.9527295146083816,1
1.9539854621976152,10.169999999999828,1184.0,0.05250217268973124,2.200538257056991,0.952746633763129,1
1.9537496566581138,10.169999999999828,1185.0,0.052508949585681176,2.2007057917223785,0.9527635676717028,1
1.9535140481426028,10.169999999999828,1186.0,0.05251572826352384,2.2008730520909614,0.9527803168038136,1
1.9532786364226846,10.169999999999828,1187.0,0.052522508714161135,2.2010400387043916,0.9527968816330945,1
1.9530434212711816,10.169999999999828,1188.0,0.05252929092843211,2.20120675210347,0.9528132626329517,1
1.9528084024538657,10.169999999999828,1189.0,0.052536074897805256,2.201373192824061,0.9528294602671896,1
1.9525735797471082,10.169999999999828,1190.0,0.052542860612939946,2.201539361405831,0.9528454750100341,1
1.9523389529193758,10.169999999999828,1191.0,0.052549648065174745,2.2017052583830874,0.9528613073251395,1
1.9521045217421518,10.169999999999828,1192.0,0.05255643724567572,2.2018708842902073,0.9528769576780025,1
1.9518702859884927,10.169999999999828,1193.0,0.05256322814551167,2.202036239660894,0.9528924265342953,1
1.9516362454299383,10.159999999999828,1194.0,0.052353414569419526,2.202201325026693,0.9565893238037979,1
1.951402399840532,10.159999999999828,1195.0,0.05236016363925994,2.2023661409189423,0.9566048722396676,1
1.9511687489866099,10.159999999999828,1196.0,0.052366914403047665,2.2025306878637547,0.9566202402965127,1
1.9509352926498098,10.159999999999828,1197.0,0.05237366685140925,2.202694966393396,0.9566354284436254,1
1.9507020305937588,10.159999999999828,1198.0,0.052380420976465315,2.202858977029802,0.9566504371283104,1
1.950468962602236,10.159999999999828,1199.0,0.05238717676874952,2.2030227203034665,0.9566652668191482,1
1.9502360884373067,10.159999999999828,1200.0,0.052393934220608486,2.203186196732736,0.9566799179585441,1
1.950003407881979,10.159999999999828,1201.0,0.05240069332274281,2.203349406844916,0.9566943910110906,1
1.9497709207059966,10.159999999999828,1202.0,0.052407454066980066,2.203512351159339,0.9567086864247742,1
1.9495386266862722,10.159999999999828,1203.0,0.05241421644459813,2.2036750301975023,0.9567228046541782,1
1.949306525594508,10.159999999999828,1204.0,0.05242098044736213,2.2038374444769158,0.95673674614641,1
1.9490746172112499,10.149999999999828,1205.0,0.05221162251618222,2.203999594518079,0.9604297098173689,1
1.9488429013011284,10.149999999999828,1206.0,0.05221834477914774,2.2041614808322545,0.960443736636333,1
1.9486113776514566,10.149999999999828,1207.0,0.05222506864226554,2.2043231039405042,0.960457587810887,1
1.948380046027695,10.149999999999828,1208.0,0.05223179409799928,2.204484464351725,0.960471263775136,1
1.9481489062139987,10.149999999999828,1209.0,0.05223852113741221,2.204645562582676,0.9604847649828312,1
1.9479179579798527,10.149999999999828,1210.0,0.052245249752730184,2.2048063991415003,0.9604980918695862,1
1.9476872011067894,10.149999999999828,1211.0,0.05225197993530419,2.2049669745409237,0.9605112448831412,1
1.947456635369745,10.149999999999828,1212.0,0.05225871167705561,2.2051272892890297,0.9605242244622287,1
1.9472262605434734,10.149999999999828,1213.0,0.05226544496995696,2.2052873438924836,0.9605370310438959,1
1.946996076408701,10.149999999999828,1214.0,0.05227217980555117,2.205447138859499,0.9605496650704028,1
1.946766082740115,10.149999999999828,1215.0,0.05227891617591167,2.2056066746940033,0.9605621269757132,1
1.9465362793171082,10.139999999999828,1216.0,0.05207001457074923,2.2057659519008563,0.9642511614770892,1
1.946306665918102,10.139999999999828,1217.0,0.05207670930028708,2.2059249709831,0.9642637142105623,1
1.9460772423219102,10.139999999999828,1218.0,0.05208340554123945,2.2060837324426346,0.964276095873557,1
1.9458480083019885,10.139999999999828,1219.0,0.052090103285997225,2.206242236777379,0.9642883068928496,1
1.9456189636405146,10.139999999999828,1220.0,0.05209680252630474,2.2064004844882037,0.9643003477035812,1
1.9453901081180496,10.139999999999828,1221.0,0.05210350325408634,2.2065584760738464,0.9643122187375814,1
1.9451614415127387,10.139999999999828,1222.0,0.05211020546149591,2.206716212030534,0.9643239204224792,1
1.944932963606524,10.139999999999828,1223.0,0.05211690914043749,2.2068736928550337,0.9643354531887189,1
1.9447046741710843,10.139999999999828,1224.0,0.052123614283673986,2.2070309190377446,0.9643468174536729,1
1.944476572995097,10.139999999999828,1225.0,0.052130320882673005,2.207187891076085,0.9643580136524437,1
1.944248659855344,10.139999999999828,1226.0,0.052137028929870856,2.2073446094603364,0.9643690422052493,1
1.9440209345339994,10.139999999999828,1227.0,0.05214373841735601,2.207501074682104,0.9643799035369314,1
1.9437933968112753,10.129999999999828,1228.0,0.05193525089161595,2.207657287230712,0.9680652755566594,1
1.9435660464675253,10.129999999999828,1229.0,0.05194191883238727,2.207813247594255,0.9680762335569046,1
1.943338883283177,10.129999999999828,1230.0,0.05194858819180756,2.20796895625957,0.9680870253421603,1
1.9431119070403937,10.129999999999828,1231.0,0.05195525896215289,2.208124413713031,0.9680976513316408,1
1.9428851175243234,10.129999999999828,1232.0,0.051961931135541393,2.208279620441183,0.9681081119464903,1
1.9426585145128779,10.129999999999828,1233.0,0.05196860470465624,2.208434576925737,0.9681184075982556,1
1.9424320977940959,10.129999999999828,1234.0,0.05197527966146514,2.2085892836520706,0.9681285387084686,1
1.9422058671414166,10.129999999999828,1235.0,0.05198195599911435,2.20874374109713,0.9681385056807621,1
1.9419798223468117,10.129999999999828,1236.0,0.05198863370933449,2.2088979497456442,0.9681483089382428,1
1.9417539631915268,10.129999999999828,1237.0,0.05199531278476457,2.2090519100758197,0.9681579488904992,1
1.9415282894530916,10.129999999999828,1238.0,0.052001993218349675,2.209205622562768,0.9681674259415061,1
1.9413028009232018,10.129999999999828,1239.0,0.052008675001994936,2.2093590876872495,0.9681767405097941,1
1.9410774973805962,10.119999999999829,1240.0,0.05180060271713927,2.209512305922428,0.9718584539649602,1
1.940852378615909,10.119999999999829,1241.0,0.05180724305800638,2.2096652777460113,0.9718678707663619,1
1.9406274444020555,10.119999999999829,1242.0,0.05181388472920297,2.2098180036257915,0.971877126044687,1
1.9404026945354613,10.119999999999829,1243.0,0.05182052772245787,2.209970484039773,0.9718862202183425,1
1.9401781287953328,10.119999999999829,1244.0,0.051827172030898885,2.210122719456305,0.9718951536849554,1
1.9399537469697088,10.119999999999829,1245.0,0.05183381764699892,2.210274710346793,0.9719039268507013,1
1.9397295488422133,10.119999999999829,1246.0,0.05184046456361545,2.2104264571792376,0.9719125401153914,1
1.939505534199086,10.119999999999829,1247.0,0.05184711277345385,2.2105779604216624,0.9719209938803866,1
1.9392817028297398,10.119999999999829,1248.0,0.05185376226901576,2.210729220542405,0.9719292885492472,1
1.939058054515125,10.119999999999829,1249.0,0.05186041304349875,2.210880238004432,0.9719374245146168,1
1.9388345890419438,10.119999999999829,1250.0,0.051867065089704734,2.2110310132722693,0.971945402174228,1
1.9386113062020205,10.119999999999829,1251.0,0.051873718400068936,2.2111815468117193,0.9719532219302245,1
1.9383882057799557,10.109999999999829,1252.0,0.05166606257038888,2.2113318390838224,0.9756312794818596,1
1.9381652875629,10.109999999999829,1253.0,0.05167267455189383,2.211481890549638,0.9756392067607811,1
1.937942551339832,10.109999999999829,1254.0,0.05167928777833033,2.2116317016698868,0.9756469770700145,1
1.9377199968973875,10.109999999999829,1255.0,0.05168590224274808,2.211781272902929,0.9756545908005827,1
1.9374976240257804,10.109999999999829,1256.0,0.051692517937951224,2.211930604707655,0.9756620483461813,1
1.9372754325101962,10.109999999999829,1257.0,0.05169913485717886,2.2120796975392794,0.9756693500934834,1
1.9370534221424889,10.109999999999829,1258.0,0.05170575299320388,2.2122285518550573,0.9756764964353171,1
1.936831592709233,10.109999999999829,1259.0,0.051712372339241225,2.2123771681084765,0.975683487757236,1
1.9366099440042188,10.109999999999829,1260.0,0.0517189928879902,2.212525546755306,0.9756903244515431,1
1.9363884758093506,10.109999999999829,1261.0,0.05172561463312093,2.212673688244343,0.9756970068958402,1
1.9361671879192268,10.109999999999829,1262.0,0.05173223756736402,2.2128215930293598,0.9757035354806733,1
1.9359460801250852,10.109999999999829,1263.0,0.051738861683726,2.212969261561301,0.9757099105914775,1
1.9357251522179093,10.09999999999983,1264.0,0.051531623572119316,2.2131166942897766,0.9793843137039413,1
1.935504403981067,10.09999999999983,1265.0,0.05153820648241073,2.213263891659529,0.9793908013717729,1
1.9352838352130113,10.09999999999983,1266.0,0.05154479055653955,2.2134108541214186,0.9793971364680485,1
1.935063445702763,10.09999999999983,1267.0,0.05155137578790051,2.2135575821205626,0.979403319370608,1
1.9348432352412142,10.09999999999983,1268.0,0.05155796216977107,2.2137040761017865,0.9794093504580574,1
1.9346232036226374,10.09999999999983,1269.0,0.05156454969522561,2.2138503365103808,0.9794152301114865,1
1.9344033506340559,10.09999999999983,1270.0,0.05157113835794133,2.2139963637869555,0.9794209587025453,1
1.9341836760673488,10.09999999999983,1271.0,0.05157772815123783,2.2141421583732916,0.9794265366070147,1
1.9339641797213822,10.09999999999983,1272.0,0.051584319067961244,2.2142877207133935,0.9794319642072244,1
1.9337448613855657,10.09999999999983,1273.0,0.0515909111017102,2.214433051245511,0.9794372418735797,1
1.9335257208482575,10.09999999999983,1274.0,0.051597504246223155,2.2145781504062283,0.9794423699740098,1
1.9333067579102001,10.09999999999983,1275.0,0.05160409849430529,2.2147230186369624,0.9794473488890538,1
1.9330879723615797,10.08999999999983,1276.0,0.05139727940807908,2.2148676563728626,0.9831180978893823,1
1.9328693639951322,10.08999999999983,1277.0,0.05140383258094941,2.2150120640491586,0.9831231941544321,1
1.932650932607456,10.08999999999983,1278.0,0.05141038684039708,2.215156242101798,0.9831281421004994,1
1.932432677991058,10.08999999999983,1279.0,0.05141694218005942,2.2153001909635934,0.9831329420939177,1
1.9322145999405236,10.08999999999983,1280.0,0.051423498593461306,2.215443911067229,0.9831375945020837,1
1.9319966982524097,10.08999999999983,1281.0,0.05143005607400596,2.215587402845195,0.9831420996933258,1
1.9317789727171983,10.08999999999983,1282.0,0.051436614615596225,2.2157306667258974,0.9831464580278773,1
1.9315614231358913,10.08999999999983,1283.0,0.05144317421139732,2.2158737031417006,0.9831506698765111,1
1.9313440493012046,10.08999999999983,1284.0,0.05144973485520504,2.216016512519825,0.9831547355994363,1
1.9311268510085453,10.08999999999983,1285.0,0.05145629654070042,2.21615909528766,0.9831586555586154,1
1.9309098280556414,10.08999999999983,1286.0,0.05146285926137601,2.2163014518725963,0.9831624301173616,1
1.9306929802385988,10.08999999999983,1287.0,0.05146942301091455,2.216443582700101,0.9831660596358986,1
1.930476307354809,10.07999999999983,1288.0,0.051263024296394635,2.2165854881951486,0.9868331537908257,1
1.9302598092002015,10.07999999999983,1289.0,0.05126954710938645,2.2167271687808907,0.9868369052181436,1
1.9300434855667878,10.07999999999983,1290.0,0.05127607093555635,2.2168686248774665,0.986840512435923,1
1.9298273362604028,10.07999999999983,1291.0,0.05128259576802706,2.2170098569105705,0.9868439758104828,1
1.9296113610761525,10.07999999999983,1292.0,0.05128912160076825,2.217150865299618,0.9868472956948977,1
1.929395559810473,10.07999999999983,1293.0,0.051295648427703976,2.2172916504635447,0.9868504724424783,1
1.9291799322630685,10.07999999999983,1294.0,0.05130217624253117,2.2174322128217683,0.9868535064089716,1
1.9289644782330166,10.07999999999983,1295.0,0.05130870503904691,2.217572552792293,0.9868563979481828,1
1.928749197513787,10.07999999999983,1296.0,0.0513152348114969,2.21771267078933,0.9868591474064157,1
1.928534089910104,10.07999999999983,1297.0,0.051321765553333135,2.2178525672314175,0.9868617551413525,1
1.9283191552195171,10.07999999999983,1298.0,0.05132829725856238,2.2179922425325254,0.9868642215014012,1
1.9281043932443112,10.07999999999983,1299.0,0.05133482992088796,2.2181316971078227,0.9868665468390623,1
1.927889803776831,10.07999999999983,1300.0,0.05134136353481309,2.218270931366624,0.9868687314945068,1
1.9276753866257337,10.06999999999983,1301.0,0.05113534483280425,2.218409945724973,0.9905324359703798,1
1.9274611415846183,10.06999999999983,1302.0,0.05114183764735968,2.218548740590617,0.9905347473231343,1
1.9272470684578842,10.06999999999983,1303.0,0.051148331398025,2.218687316375393,0.9905369188038047,1
1.9270331670463365,10.06999999999983,1304.0,0.051154826078844313,2.2188256734883525,0.9905389507573814,1
1.9268194371488725,10.06999999999983,1305.0,0.05116132168400304,2.218963812336542,0.9905408435255054,1
1.9266058785693534,10.06999999999983,1306.0,0.05116781820739779,2.2191017333283334,0.9905425974541802,1
1.926392491106327,10.06999999999983,1307.0,0.051174315643324655,2.2192394368684547,0.9905442128822515,1
1.9261792745645123,10.06999999999983,1308.0,0.05118081398566039,2.2193769233635554,0.9905456901542948,1
1.925966228745508,10.06999999999983,1309.0,0.051187313228574664,2.2195141932177163,0.9905470296102017,1
1.9257533534511135,10.06999999999983,1310.0,0.05119381336623676,2.2196512468340437,0.9905482315888907,1
1.9255406484834237,10.06999999999983,1311.0,0.051200314392840805,2.2197880846147404,0.9905492964284393,1
1.9253281136456215,10.06999999999983,1312.0,0.05120681630253376,2.219924706961462,0.990550224466946,1
1.9251157487426092,10.06999999999983,1313.0,0.051213319089380455,2.2200611142756452,0.9905510160432647,1
1.9249035535785903,10.05999999999983,1314.0,0.05100768225383532,2.220197306957343,0.9942113287188703,1
1.924691527951362,10.05999999999983,1315.0,0.05101414438702329,2.2203332854024795,0.9942122515240592,1
1.9244796716705161,10.05999999999983,1316.0,0.05102060738326492,2.220469050011597,0.9942130386398167,1
1.924267984533959,10.05999999999983,1317.0,0.05102707123733397,2.2206046011785916,0.9942136903926864,1
1.9240564663536752,10.05999999999983,1318.0,0.051033535942937185,2.220739939303067,0.9942142071237658,1
1.9238451169318616,10.05999999999983,1319.0,0.05104000149458622,2.220875064778892,0.9942145891620584,1
1.923633936072187,10.05999999999983,1320.0,0.05104646788670053,2.2210099779996217,0.9942148368370667,1
1.9234229235814253,10.05999999999983,1321.0,0.0510529351135174,2.2211446793592518,0.9942149504805906,1
1.923212079264697,10.05999999999983,1322.0,0.05105940316942959,2.221279169249964,0.9942149304214389,1
1.92300140292556,10.05999999999983,1323.0,0.051065872048979166,2.221413448062164,0.9942147769855247,1
1.9227908943758636,10.05999999999983,1324.0,0.05107234174611748,2.2215475161891995,0.9942144905068706,1
1.922580553412592,10.05999999999983,1325.0,0.051078812255973785,2.2216813740162946,0.994214071301766,1
1.9223703798492346,10.05999999999983,1326.0,0.05108528357242897,2.2218150219355337,0.9942135197037734,1
1.922160373493959,10.04999999999983,1327.0,0.05088003049746189,2.221948460335454,0.9978704372785416,1
1.9219505341450511,10.04999999999983,1328.0,0.05088646131364168,2.2220816895988387,0.9978700212004843,1
1.9217408616207001,10.04999999999983,1329.0,0.050892892923059055,2.222214710116994,0.9978694734753977,1
1.9215313557185505,10.04999999999983,1330.0,0.05089932532099646,2.22234752227039,0.9978687944148295,1
1.9213220162528475,10.04999999999983,1331.0,0.05090575850150191,2.2224801264464173,0.9978679843477025,1
1.9211128430310367,10.04999999999983,1332.0,0.05091219245915445,2.222612523028214,0.997867043594235,1
1.9209038358586217,10.04999999999983,1333.0,0.05091862718875836,2.222744712397004,0.9978659724713723,1
1.9206949945479472,10.04999999999983,1334.0,0.050925062684586846,2.2228766949362617,0.9978647713025506,1
1.9204863189033086,10.04999999999983,1335.0,0.05093149894160296,2.2230084710246363,0.9978634404011288,1
1.9202778087377308,10.04999999999983,1336.0,0.050937935954108164,2.2231400410439464,0.9978619800890827,1
1.92006946385761,10.04999999999983,1337.0,0.05094437371696309,2.223271405371853,0.9978603906798826,1
1.9198612840747802,10.04999999999983,1338.0,0.05095081222463814,2.2234025643876256,0.9978586724919574,1
1.9196532692013268,10.04999999999983,1339.0,0.05095725147162592,2.223533518469665,0.9978568258429095,1
1.9194454190407184,10.03999999999983,1340.0,0.05075238408677252,2.223664267991286,1.0015103439072066,1
1.9192377334077055,10.03999999999983,1341.0,0.05075878299405436,2.2237948133302,1.0015086368383315,1
1.9190302121093903,10.03999999999983,1342.0,0.050765182628906835,2.223925154859495,1.001506802014874,1
1.9188228549597788,10.03999999999983,1343.0,0.05077158298581707,2.224055292954561,1.0015048397523572,1
1.918615661771212,10.03999999999983,1344.0,0.05077798405946002,2.224185227989035,1.0015027503633733,1
1.9184086323531588,10.03999999999983,1345.0,0.05078438584475785,2.2243149603342083,1.0015005341562215,1
1.9182017665172657,10.03999999999983,1346.0,0.050790788336499235,2.2244444903614427,1.0014981914405419,1
1.9179950640762715,10.03999999999983,1347.0,0.05079719152942148,2.2245738184416557,1.0014957225261083,1
1.91778852484041,10.03999999999983,1348.0,0.050803595418501116,2.22470294494361,1.0014931277188273,1
1.9175821486237,10.03999999999983,1349.0,0.050809999998446514,2.224831870236902,1.0014904073277333,1
1.9173759352409918,10.03999999999983,1350.0,0.050816405263937076,2.2249605946905637,1.0014875616617136,1
1.917169884497207,10.03999999999983,1351.0,0.0508228112104565,2.225089118667966,1.0014845910175416,1
1.9169639962135687,10.03999999999983,1352.0,0.05082921783227054,2.225217442539249,1.0014814957090443,1
1.9167582701999089,10.02999999999983,1353.0,0.05062473809765263,2.2253455666682145,1.0051316088172584,1
1.9165527062709407,10.02999999999983,1354.0,0.05063110454695422,2.2254734914200127,1.0051286569307376,1
1.9163473042404051,10.02999999999983,1355.0,0.050637471660406906,2.2256012171583976,1.0051255810621265,1
1.9161420639222242,10.02999999999983,1356.0,0.05064383943298052,2.2257287442462594,1.0051223815130645,1
1.9159369851305592,10.02999999999983,1357.0,0.05065020785969323,2.225856073045667,1.0051190585844088,1
1.9157320676803833,10.02999999999983,1358.0,0.05065657693549808,2.2259832039181235,1.0051156125768521,1
1.9155273113903348,10.02999999999983,1359.0,0.05066294665511487,2.226110137225941,1.005112043794119,1
1.9153227160668573,10.02999999999983,1360.0,0.05066931701423369,2.2262368733247127,1.005108352525327,1
1.9151182815294203,10.02999999999983,1361.0,0.05067568800758417,2.226363412575289,1.00510453907304,1
1.9149140075987787,10.02999999999983,1362.0,0.050682059629810046,2.2264897553381666,1.0051006037401746,1
1.9147098940816847,10.02999999999983,1363.0,0.05068843187669704,2.2266159019663028,1.0050965468130653,1
1.9145059408009688,10.02999999999983,1364.0,0.05069480474279462,2.22674185281934,1.0050923685948723,1
1.9143021475711828,10.02999999999983,1365.0,0.05070117822335354,2.2268676082520913,1.0050880693785325,1
1.914098514209535,10.01999999999983,1366.0,0.050497088126254384,2.226993168619677,1.0087347711017727,1
1.9138950405319666,10.01999999999983,1367.0,0.05050342160792747,2.227118534275722,1.0087306189362433,1
1.913691726356549,10.01999999999983,1368.0,0.0505097556934848,2.2272437055739425,1.0087263464317164,1
1.913488571499104,10.01999999999983,1369.0,0.05051609037820822,2.2273686828660626,1.008721953878582,1
1.9132855757786833,10.01999999999983,1370.0,0.05052242565716945,2.2274934665044257,1.008717441569795,1
1.9130827390125826,10.01999999999983,1371.0,0.05052876152561508,2.2276180568396584,1.0087128097953628,1
1.9128800610206216,10.01999999999983,1372.0,0.05053509797863191,2.2277424542226347,1.0087080588470372,1
1.9126775416170143,10.01999999999983,1373.0,0.05054143501175632,2.2278666590007146,1.008703189009372,1
1.91247518062703,10.01999999999983,1374.0,0.05054777261972951,2.2279906715255473,1.0086982005781455,1
1.9122729778588354,10.01999999999983,1375.0,0.0505541107986093,2.2281144921398255,1.008693093829166,1
1.9120709331418722,10.01999999999983,1376.0,0.050560449542884,2.228238121195373,1.0086878690608256,1
1.9118690462919063,10.01999999999983,1377.0,0.050566788848107516,2.2283615590366783,1.0086825265553512,1
1.9116673171281995,10.01999999999983,1378.0,0.05057312870959478,2.228484806008964,1.008677066597823,1
1.911465745472695,10.01999999999983,1379.0,0.05057946912250097,2.2286078624578534,1.0086714894753221,1
1.9112643311395756,10.009999999999831,1380.0,0.050375730302866094,2.2287307287244076,1.0123150401019865,1
1.9110630739548107,10.009999999999831,1381.0,0.05038203089160827,2.228853405154359,1.0123096138019272,1
1.9108619737387056,10.009999999999831,1382.0,0.05038833202209933,2.2289758920898777,1.0123040709672666,1
1.9106610303096487,10.009999999999831,1383.0,0.05039463368990543,2.229098189871364,1.0122984118773377,1
1.9104602434912015,10.009999999999831,1384.0,0.05040093589023946,2.229220298840755,1.0122926368161955,1
1.9102596131015503,10.009999999999831,1385.0,0.05040723861875311,2.2293422193366133,1.012286746060989,1
1.9100591389646842,10.009999999999831,1386.0,0.05041354187065677,2.2294639516993184,1.0122807398942708,1
1.9098588209014593,10.009999999999831,1387.0,0.050419845641477196,2.229585496266919,1.0122746185941587,1
1.9096586587348865,10.009999999999831,1388.0,0.05042614992658106,2.229706853377609,1.0122683824401821,1
1.9094586522853274,10.009999999999831,1389.0,0.050432454721573414,2.2298280233674705,1.0122620317079594,1
1.909258801378178,10.009999999999831,1390.0,0.050438760021713755,2.229949006574072,1.0122555666776996,1
1.909059105833092,10.009999999999831,1391.0,0.050445065822727966,2.230069803331437,1.0122489876222964,1
1.9088595654766922,10.009999999999831,1392.0,0.05045137211982822,2.230190413975976,1.0122422948213687,1
1.9086601801285228,10.009999999999831,1393.0,0.05045767890882086,2.2303108388399253,1.0122354885457374,1
1.908460949613109,9.999999999999831,1394.0,0.05025429387729755,2.2304310782570305,1.015875879547085,1
1.9082618737561106,9.999999999999831,1395.0,0.05026056102298785,2.2305511325606644,1.0158692276473513,1
1.908062952379363,9.999999999999831,1396.0,0.05026682865157769,2.2306710020815843,1.0158624628784885,1
1.9078641853102254,9.999999999999831,1397.0,0.050273096758425125,2.2307906871522776,1.0158555855162998,1
1.907665572370622,9.999999999999831,1398.0,0.05027936533929699,2.230910188101828,1.01584859582962,1
1.907467113381164,9.999999999999831,1399.0,0.050285634390119356,2.2310295052578772,1.0158414940848979,1
1.9072688081731402,9.999999999999831,1400.0,0.05029190390603057,2.23114863895219,1.0158342805594,1
1.9070706565710163,9.999999999999831,1401.0,0.0502981738827066,2.231267589512527,1.0158269555219404,1
1.906872658398068,9.999999999999831,1402.0,0.05030444431596722,2.231386357265228,1.0158195192390456,1
1.9066748134813114,9.999999999999831,1403.0,0.05031071520135393,2.231504942537557,1.0158119719804461,1
1.9064771216468224,9.999999999999831,1404.0,0.05031698653452866,2.2316233456554873,1.0158043140138786,1
1.9062795827197265,9.999999999999831,1405.0,0.05032325831125227,2.2317415669437235,1.0157965456050997,1
1.906082196528375,9.999999999999831,1406.0,0.05032953052705727,2.2318596067276517,1.0157886670224998,1
1.9058849628935393,9.999999999999831,1407.0,0.05033580317810738,2.2319774653282667,1.015780678525139,1
1.9056878816521303,9.989999999999831,1408.0,0.050132774470324666,2.2320951430732876,1.019417900325682,1
1.9054909526204757,9.989999999999831,1409.0,0.05013900766530431,2.232212640279999,1.019410069540258,1
1.905294175631461,9.989999999999831,1410.0,0.05014524128696216,2.23232995727258,1.0194021294249385,1
1.9050975505123853,9.989999999999831,1411.0,0.05015147533110927,2.2324470943717807,1.0193940802424621,1
1.9049010770955228,9.989999999999831,1412.0,0.05015770979316818,2.232564051899853,1.0193859222601347,1
1.904704755197702,9.989999999999831,1413.0,0.050163944669796824,2.2326808301710406,1.019377655727315,1
1.9045085846562615,9.989999999999831,1414.0,0.05017017995611169,2.2327974295083126,1.0193692809150456,1
1.90431256529961,9.989999999999831,1415.0,0.050176415647939024,2.2329138502296697,1.0193607980836117,1
1.9041166969507743,9.989999999999831,1416.0,0.050182651741544446,2.233030092649804,1.0193522074864587,1
1.9039209794423622,9.989999999999831,1417.0,0.05018888823249339,2.233146157087044,1.0193435093866687,1
1.9037254126039524,9.989999999999831,1418.0,0.050195125116617105,2.2332620438575104,1.0193347040430873,1
1.9035299962647938,9.989999999999831,1419.0,0.05020136238979609,2.2333777532763577,1.01932579171328,1
1.9033347302530739,9.989999999999831,1420.0,0.05020760004802091,2.233493285657443,1.0193167726527368,1
1.9031396144027943,9.989999999999831,1421.0,0.05021383808687147,2.233608641316531,1.0193076471224618,1
1.90294464853654,9.979999999999832,1422.0,0.05001116826018841,2.2337238205632732,1.0229416891530443,1
1.9027498324923282,9.979999999999832,1423.0,0.05001736703605271,2.233838823713702,1.0229327244642883,1
1.902555166099992,9.979999999999832,1424.0,0.05002356618512905,2.2339536510792373,1.0229236538603985,1
1.9023606491853087,9.979999999999832,1425.0,0.05002976570373771,2.234068302968634,1.0229144775898986,1
1.9021662815819973,9.979999999999832,1426.0,0.050035965587644005,2.2341827796935463,1.022905195909166,1
1.9019720631193073,9.979999999999832,1427.0,0.050042165832982,2.234297081562746,1.0228958090687494,1
1.9017779936339911,9.979999999999832,1428.0,0.05004836643534712,2.2344112088877166,1.0228863173265885,1
1.9015840729549938,9.979999999999832,1429.0,0.05005456739095415,2.234525161975519,1.0228767209311282,1
1.9013903009150148,9.979999999999832,1430.0,0.050060768695752496,2.2346389411341825,1.0228670201340744,1
1.9011966773462998,9.979999999999832,1431.0,0.050066970345771275,2.234752546670727,1.0228572151857345,1
1.9010032020783105,9.979999999999832,1432.0,0.05007317233725711,2.234865978890127,1.0228473063324952,1
1.9008098749477296,9.979999999999832,1433.0,0.05007937466596767,2.2349792380999043,1.0228372938277974,1
1.9006166957858492,9.979999999999832,1434.0,0.05008557732807248,2.2350923246043104,1.022827177918275,1
1.9004236644275099,9.979999999999832,1435.0,0.05009178031950975,2.235205238708474,1.0228169588536022,1
1.9002307807026932,9.979999999999832,1436.0,0.05009798363662687,2.2353179807144907,1.022806636877224,1
1.900038044447606,9.969999999999832,1437.0,0.04989563587341425,2.2354305509265755,1.0264377543629861,1
1.8998454554953275,9.969999999999832,1438.0,0.04990180012267071,2.235542949646721,1.0264275964534177,1
1.8996530136844598,9.969999999999832,1439.0,0.049907964690356965,2.2356551771787085,1.0264173361697675,1
1.8994607188382429,9.969999999999832,1440.0,0.049914129573441504,2.23576723381846,1.026406973744797,1
1.899268570800765,9.969999999999832,1441.0,0.0499202947673443,2.235879119870759,1.0263965094333032,1
1.899076569405221,9.969999999999832,1442.0,0.04992646026834371,2.235990835634591,1.0263859434772558,1
1.8988847144845684,9.969999999999832,1443.0,0.04993262607276351,2.236102381408093,1.0263752761175244,1
1.8986930058754983,9.969999999999832,1444.0,0.049938792176669536,2.236213757490346,1.0263645075982057,1
1.8985014434140157,9.969999999999832,1445.0,0.04994495857621251,2.236324964179374,1.0263536381618052,1
1.8983100269337794,9.969999999999832,1446.0,0.049951125267746976,2.2364360017713545,1.0263426680473908,1
1.8981187562740758,9.969999999999832,1447.0,0.04995729224722808,2.2365468705643123,1.0263315974993672,1
1.897927631265872,9.969999999999832,1448.0,0.04996345951126831,2.2366575708516914,1.0263204267521597,1
1.8977366517499468,9.969999999999832,1449.0,0.0499696270557629,2.2367681029307005,1.0263091560501174,1
1.8975458175613966,9.969999999999832,1450.0,0.04997579487706856,2.2368784670951913,1.0262977856305138,1
1.897355128540329,9.959999999999832,1451.0,0.04977381140608544,2.236988663640578,1.0299256991109753,1
1.8971645845171554,9.959999999999832,1452.0,0.049779940363105055,2.2370986928570606,1.0299144954964417,1
1.8969741853319584,9.959999999999832,1453.0,0.04978606959084023,2.2372085550385648,1.029903192672466,1
1.896783930825753,9.959999999999832,1454.0,0.04979219908530349,2.2373182504786904,1.0298917908796266,1
1.8965938208324262,9.959999999999832,1455.0,0.0497983288431206,2.237427779467033,1.0298802903498636,1
1.8964038551915605,9.959999999999832,1456.0,0.049804458860466236,2.2375371422950567,1.0298686913205184,1
1.8962140337414168,9.959999999999832,1457.0,0.0498105891336738,2.237646339252907,1.0298569940266766,1
1.8960243563192922,9.959999999999832,1458.0,0.049816719659165065,2.2377553706295292,1.0298451987015174,1
1.8958348227651902,9.959999999999832,1459.0,0.04982285043317493,2.237864236714399,1.0298333055803777,1
1.8956454329181989,9.959999999999832,1460.0,0.04982898145205961,2.2379729377958446,1.0298213148967734,1
1.895456186615399,9.959999999999832,1461.0,0.04983511271232553,2.2380814741605364,1.0298092268811867,1
1.8952670836971623,9.959999999999832,1462.0,0.04984124421028905,2.238189846095942,1.0297970417669025,1
1.8950781240037986,9.959999999999832,1463.0,0.04984737594226026,2.2382980538887627,1.029784759786306,1
1.8948893073744368,9.959999999999832,1464.0,0.04985350790470056,2.2384060978244515,1.0297723811696888,1
1.8947006336485195,9.959999999999832,1465.0,0.04985964009405643,2.238513978187878,1.0297599061468656,1
1.8945121026671483,9.949999999999832,1466.0,0.049657984630937034,2.238621695263956,1.0333848681933562,1
1.8943237142735028,9.949999999999832,1467.0,0.04966407816170561,2.2387292493378346,1.0333725628007122,1
1.8941354683003095,9.949999999999832,1468.0,0.049670171914195725,2.2388366406891653,1.0333601614834087,1
1.8939473645976914,9.949999999999832,1469.0,0.04967626588417715,2.2389438696048534,1.0333476644798891,1
1.8937594029978846,9.949999999999832,1470.0,0.04968236006877646,2.239050936362896,1.0333350720082124,1
1.8935715833501894,9.949999999999832,1471.0,0.04968845446387536,2.2391578412484083,1.0333223843043267,1
1.8933839054940422,9.949999999999832,1472.0,0.04969454906613392,2.239264584541263,1.0333096015925665,1
1.8931963692659453,9.949999999999832,1473.0,0.0497006438724384,2.2393711665193132,1.0332967240932862,1
1.893008974512755,9.949999999999832,1474.0,0.04970673887893683,2.2394775874644153,1.0332837520373457,1
1.8928217210793203,9.949999999999832,1475.0,0.0497128340819471,2.239583847656815,1.0332706856526273,1
1.8926346087996226,9.949999999999832,1476.0,0.04971892947862314,2.2396899473711094,1.0332575251543465,1
1.892447637523842,9.949999999999832,1477.0,0.049725025064952556,2.239795886888579,1.0332442707746363,1
1.8922608070924534,9.949999999999832,1478.0,0.04973112083765925,2.239901666485367,1.0332309227342162,1
1.8920741173473508,9.949999999999832,1479.0,0.049737216793383804,2.240007286437595,1.033217481254596,1
1.8918875681341811,9.949999999999832,1480.0,0.04974331292851651,2.240112747022393,1.0332039465606,1
1.8917011592935375,9.939999999999833,1481.0,0.049541988591665136,2.240218048513882,1.036825942115482,1
1.8915148906726722,9.939999999999833,1482.0,0.04954804627939616,2.2403231911885437,1.0368125796760024,1
1.8913287621115704,9.939999999999833,1483.0,0.04955410414187536,2.24042817531886,1.0367991244831938,1
1.891142773457076,9.939999999999833,1484.0,0.04956016217552151,2.2405330011797453,1.036785576760224,1
1.890956924552818,9.939999999999833,1485.0,0.049566220377009626,2.240637669043961,1.0367719367259751,1
1.8907712152444673,9.939999999999833,1486.0,0.049572278742898886,2.2407421791845197,1.0367582046007886,1
1.890585645375095,9.939999999999833,1487.0,0.04957833726996432,2.24084653187258,1.03674438060141,1
1.8904002147904546,9.939999999999833,1488.0,0.049584395954808645,2.240950727379825,1.0367304649467275,1
1.890214923336669,9.939999999999833,1489.0,0.04959045479403572,2.241054765977435,1.0367164578552734,1
1.890029770857583,9.939999999999833,1490.0,0.04959651378443351,2.2411586479348764,1.036702359542327,1
1.889844757199848,9.939999999999833,1491.0,0.049602572922605954,2.24126237352222,1.036688170225471,1
1.8896598822111383,9.939999999999833,1492.0,0.049608632205114404,2.2413659430093174,1.0366738901226338,1
1.8894751457368668,9.939999999999833,1493.0,0.04961469162871379,2.2414693566643398,1.0366595194485342,1
1.889290547616547,9.939999999999833,1494.0,0.049620751190625416,2.241572614752088,1.0366450584106701,1
1.8891060877041643,9.939999999999833,1495.0,0.04962681088700893,2.2416757175432873,1.0366305072316044,1
1.8889217658465136,9.939999999999833,1496.0,0.04963287071458241,2.2417786653047154,1.0366158661252807,1
1.888737581888846,9.929999999999833,1497.0,0.04943184226824494,2.2418814583017914,1.0402351438765511,1
1.8885535356758492,9.929999999999833,1498.0,0.049437863863065507,2.241984096799017,1.0402206776958558,1
1.888369627058969,9.929999999999833,1499.0,0.049443885584773986,2.2420865810632917,1.040206122030523,1
