Mass,Radius,Pressure,k2,yR,yR_ext,Type
0.005960287545907135,1.500000000000001,1.5,0.7660628076789645,1.9930878077727037,-1.0532763334664905,1
0.00658381239104084,1.5500000000000012,1.6,0.7628625129501434,1.9926090365044815,-1.0503275170460094,1
0.007226005496178752,1.6000000000000012,1.7000000000000002,0.7661873843594027,1.9921308806697031,-1.0574272063755876,1
0.007886100544956741,1.6400000000000012,1.8000000000000003,0.7398503792543933,1.9916533395247356,-1.017501143220571,1
0.008563394642136379,1.6900000000000013,1.9000000000000004,0.7534432164882783,1.991176412335686,-1.041243953177723,1
0.00925723973244881,1.7300000000000013,2.0000000000000004,0.738009038981777,1.9907000983664072,-1.0183682215613319,1
0.009967035571557913,1.7800000000000014,2.1000000000000005,0.7590945550587258,1.9902243968795588,-1.0539480330347881,1
0.010692223912200347,1.8200000000000014,2.2000000000000006,0.7513270097738923,1.9897493071388992,-1.043592624343151,1
0.011432283649063634,1.8600000000000014,2.3000000000000007,0.7471856378521607,1.9892748284106871,-1.0389010176779259,1
0.012186726733946602,1.9000000000000015,2.400000000000001,0.7461600980918313,1.9888009599604999,-1.0391509931155647,1
0.01295509469950747,1.9400000000000015,2.500000000000001,0.7478439551198364,1.9883277010539704,-1.0437466560352533,1
0.01373695568185695,1.9800000000000015,2.600000000000001,0.7519620874306384,1.9878550509581223,-1.052192126496604,1
0.014531901856015267,2.010000000000001,2.700000000000001,0.7302134657803661,1.9873830089412852,-1.0189768621210524,1
0.01533954721379181,2.0500000000000003,2.800000000000001,0.7386319572052887,1.9869115742717058,-1.034600209776197,1
0.01615952562373006,2.0899999999999994,2.9000000000000012,0.7488829875453058,1.9864407462172493,-1.0529427466815617,1
0.01699148912563705,2.1199999999999988,3.0000000000000013,0.7340187077646247,1.9859705240472687,-1.0308633134514755,1
0.01783510642962104,2.159999999999998,3.1000000000000014,0.7474521564610856,1.9855009070331575,-1.0544095956097639,1
0.018690061591449186,2.1899999999999973,3.2000000000000015,0.7363307403971251,1.9850318944460672,-1.0383768277610934,1
0.019556052830498258,2.2199999999999966,3.3000000000000016,0.7272257293317208,1.9845634855574545,-1.0253427812174791,1
0.020432791473952758,2.249999999999996,3.4000000000000017,0.719882437520291,1.9840956796397642,-1.0150330089852828,1
0.021320001011706117,2.289999999999995,3.5000000000000018,0.7380362672617145,1.9836284759664602,-1.0467332750683405,1
0.02221741625018971,2.3199999999999945,3.600000000000002,0.7331111579981533,1.983161873810198,-1.0405865333984172,1
0.023124782539337682,2.349999999999994,3.700000000000002,0.7295228446005713,1.9826958724460353,-1.0365687554716743,1
0.024041855085059342,2.3799999999999932,3.800000000000002,0.7271442050341193,1.9822304711482641,-1.0345113625714564,1
0.02496839831436328,2.4099999999999926,3.900000000000002,0.7258736414231601,1.9817656691929377,-1.034264583713795,1
0.02590418530413862,2.439999999999992,4.000000000000002,0.7256222784778971,1.9813014658568793,-1.0356949244902613,1
0.026848997258800193,2.4699999999999913,4.100000000000002,0.7263168362723421,1.9808378604173562,-1.0386830320743363,1
0.027802623034033372,2.4999999999999907,4.200000000000003,0.7278977724744207,1.9803748521510793,-1.043121885891749,1
0.02876485869296326,2.5199999999999902,4.3000000000000025,0.7088451438995833,1.9799124403365886,-1.0131420749267805,1
0.029735507106527188,2.5499999999999896,4.400000000000002,0.71213527388823,1.979450624252548,-1.0205437593368305,1
0.03071437757735545,2.579999999999989,4.500000000000003,0.7161439456562695,1.9789894031800994,-1.0291132224535482,1
0.03170128550492554,2.6099999999999883,4.600000000000003,0.7208447445555937,1.9785287763990826,-1.0387809882182637,1
0.032696052063110735,2.629999999999988,4.700000000000003,0.7057536270643485,1.9780687431907737,-1.0152101196086738,1
0.033698503911481326,2.6599999999999873,4.8000000000000025,0.711721470676327,1.9776093028357682,-1.0271489683605082,1
0.03470847291026144,2.6899999999999866,4.900000000000003,0.7182998540062635,1.9771504546194878,-1.039997332694223,1
0.03572579589006734,2.709999999999986,5.0,0.7056021242933123,1.976692197822364,-1.0204076361942114,1
0.04627071203991575,2.949999999999981,6.0,0.6907562355284808,1.972142000756185,-1.0127946248890856,1
0.05740093515728962,3.1699999999999764,7.0,0.683636616157705,1.967650162379752,-1.0179666558298985,1
0.06900895517756854,3.369999999999972,8.0,0.6753011908277593,1.9632159774193292,-1.0205138802229874,1
0.08100835662696927,3.5499999999999683,9.0,0.6613486728076026,1.9588387476814249,-1.0123516776076111,1
0.09332812321035944,3.7199999999999647,10.0,0.6525963781522155,1.9545177821274617,-1.0129877474713174,1
0.10590892956773869,3.8799999999999613,11.0,0.6458635130295312,1.9502523969276027,-1.0168863017532557,1
0.11870059398961866,4.0299999999999585,12.0,0.6391589380607674,1.9460419155054915,-1.0204112487511785,1
0.13166025414229277,4.1699999999999555,13.0,0.631189945197788,1.9418856685758548,-1.0210943689851866,1
0.1447510163719497,4.299999999999953,14.0,0.6211275738978211,1.9377829941722093,-1.0172272758655825,1
0.15794092816874897,4.41999999999995,15.0,0.6084836296155411,1.933733237661179,-1.0076212746544846,1
0.1712021786874095,4.539999999999948,16.0,0.6025742317467918,1.9297357517548301,-1.0108477827595077,1
0.18451046489894735,4.649999999999945,17.0,0.5928311493896801,1.9257898965128708,-1.0058667535827535,1
0.19784448095611895,4.759999999999943,18.0,0.5881673652401617,1.9218950393378598,-1.0108355435854062,1
0.21118550114619897,4.859999999999941,19.0,0.5790843142360387,1.9180505549648925,-1.0062362113257077,1
0.22451703522574246,4.949999999999939,20.0,0.5657919094405234,1.9142558254461932,-0.9920515752274428,1
0.23782454064946446,5.049999999999937,21.0,0.5643659028266452,1.9105102401263305,-1.0028401288691027,1
0.2510951800908436,5.139999999999935,22.0,0.5580421870895843,1.9068131956180192,-1.0027395212552186,1
0.2643176155298076,5.219999999999933,23.0,0.5470638467225544,1.90316409576999,-0.9919164492993149,1
0.2774818321439629,5.299999999999931,24.0,0.5389711312970371,1.8995623516318292,-0.9869160028499622,1
0.2905789867420574,5.37999999999993,25.0,0.5333442116778759,1.8960073814161527,-0.9870804403523097,1
0.30360127663444303,5.459999999999928,26.0,0.5298659560538828,1.8924986104480186,-0.9918621877561185,1
0.3165418254734189,5.5299999999999265,27.0,0.5215875484217087,1.8890354711365667,-0.9851814445126619,1
0.3293945836652071,5.599999999999925,28.0,0.5152803492449287,1.885617402904104,-0.982671396686319,1
0.3421542408436066,5.6699999999999235,29.0,0.5107026416601591,1.882243852151583,-0.983929798397086,1
0.35481614891399305,5.739999999999922,30.0,0.5076644047875198,1.8789142721942693,-0.9886129469909704,1
0.36737625398169266,5.799999999999921,31.0,0.49993411850950403,1.8756281232115908,-0.9816212681945109,1
0.3798310360512734,5.8599999999999195,32.0,0.49368718565592073,1.8723848721885368,-0.9778303133473814,1
0.3921774554558452,5.919999999999918,33.0,0.4887570766668999,1.8691839928513532,-0.9769657488311756,1
0.4044129050721643,5.979999999999917,34.0,0.48500849847590577,1.8660249656109584,-0.9787885059391315,1
0.41653516767087617,6.029999999999916,35.0,0.4768160496898881,1.8629072774988107,-0.9689770614144055,1
0.42854237773920606,6.089999999999915,36.0,0.47518324440937976,1.859830422101742,-0.9756937418462344,1
0.44043298723390767,6.1399999999999135,37.0,0.469122212422148,1.8567938994966569,-0.9706924967573669,1
0.452205734791488,6.1899999999999125,38.0,0.46403726764020475,1.853797216186813,-0.9679046867044359,1
0.4638596180431636,6.239999999999911,39.0,0.4598356779290706,1.8508398850321321,-0.9671696138041517,1
0.4753938686308447,6.28999999999991,40.0,0.4564394741947159,1.847921425183141,-0.9683441713720047,1
0.4868079296577081,6.3299999999999095,41.0,0.44889903680376253,1.8450413620128798,-0.9579950272694395,1
0.4981014353103733,6.379999999999908,42.0,0.4469809058597561,1.8421992270469763,-0.962714401818273,1
0.5092741923958596,6.419999999999908,43.0,0.4409739524562738,1.839394557896127,-0.9559069908400293,1
0.5203261636299241,6.4699999999999065,44.0,0.4403015226697651,1.8366268981850113,-0.9637238290745487,1
0.5312574524530158,6.509999999999906,45.0,0.4355832062408553,1.8338957974846999,-0.9600191426244036,1
0.5420682892736504,6.549999999999905,46.0,0.43147768756365834,1.831200811239045,-0.9577775686596597,1
0.5527590189002767,6.589999999999904,47.0,0.42793629287956536,1.8285415007053425,-0.9569103530940857,1
0.5633300892206402,6.619999999999903,48.0,0.4206006834599607,1.8259174328696293,-0.944761924846276,1
0.5737820407841406,6.659999999999902,49.0,0.4181185410250052,1.8233281803872883,-0.9464882449599883,1
0.5841154973586512,6.699999999999902,50.0,0.41608205774022045,1.8207733215124666,-0.9493616430872034,1
0.5943311573488776,6.729999999999901,51.0,0.4103410351721419,1.8182524400250837,-0.9410032317779229,1
0.6044297859329374,6.7699999999999,52.0,0.4091480879241206,1.8157651251631912,-0.946055049653781,1
0.6144122078737188,6.7999999999998995,53.0,0.404311789728491,1.813310971558353,-0.9399168634613482,1
0.6242793010239285,6.829999999999899,54.0,0.3999178158109002,1.8108895791610422,-0.9348441914931445,1
0.6340319903237565,6.869999999999898,55.0,0.39980408509591675,1.808500553176416,-0.9427762715977115,1
0.6436712423563297,6.899999999999897,56.0,0.39613934245232435,1.8061435039957001,-0.9395902050467237,1
0.6531980603685218,6.929999999999897,57.0,0.39283451431223126,1.8038180471285734,-0.9373146940826642,1
0.6626134797238725,6.959999999999896,58.0,0.38986592821280525,1.8015238031357454,-0.9359041763304479,1
0.6719185637208887,6.989999999999895,59.0,0.3872124136200456,1.7992603975658639,-0.9353164782940568,1
0.6811143998170909,7.009999999999895,60.0,0.3812338960331428,1.7970274608837855,-0.923851619314662,1
0.6902020961365182,7.039999999999894,61.0,0.37919158571452166,1.7948246284119058,-0.9248500213072393,1
0.6991827782986849,7.069999999999894,62.0,0.3774091548587004,1.7926515402617615,-0.9265585835977157,1
0.7080575865097573,7.089999999999893,63.0,0.3723935812273596,1.7905078412715825,-0.9174716742637186,1
0.7168276729281284,7.119999999999893,64.0,0.37111621806835837,1.7883931809409963,-0.9205535668068181,1
0.7254941992353101,7.139999999999892,65.0,0.36666853928087534,1.786307213369125,-0.9128982274707562,1
0.7340583344234155,7.169999999999892,66.0,0.3658394697905089,1.7842495971926073,-0.91723280424721,1
0.7425212527812756,7.189999999999891,67.0,0.36189374918318407,1.7822199955236921,-0.9108834285840619,1
0.75088413205514,7.2199999999998905,68.0,0.36146659086011135,1.7802180758892974,-0.9163656899351664,1
0.7591481517805342,7.23999999999989,69.0,0.3579680574985352,1.7782435101699112,-0.9112122773819296,1
0.7673144917350984,7.25999999999989,70.0,0.3546988300702101,1.7762959745419862,-0.9066486640093803,1
0.7753843305828633,7.279999999999889,71.0,0.3516454608566859,1.7743751494156998,-0.9026494829941298,1
0.7833588445757577,7.299999999999889,72.0,0.3487956489206145,1.772480719380124,-0.8991909107514611,1
0.7912392064411792,7.329999999999888,73.0,0.34922152208419793,1.7706123731423358,-0.9071952581317186,1
0.7990265843167764,7.349999999999888,74.0,0.3467105654324419,1.7687698034728854,-0.9047046468030553,1
0.8067221408239954,7.369999999999887,75.0,0.3443745012010802,1.766952707148134,-0.902693660581148,1
0.8143270322137441,7.389999999999887,76.0,0.3422044405363798,1.765160784894969,-0.9011435151980323,1
0.8218424075971908,7.399999999999887,77.0,0.33723620322395487,1.7633937413360201,-0.8892679253169005,1
0.829269408260036,7.419999999999886,78.0,0.335400645433955,1.7616512849349566,-0.8886260404676762,1
0.8366091670374868,7.439999999999886,79.0,0.3337064528737021,1.7599331279432984,-0.8883928297989581,1
0.8438628077595342,7.459999999999885,80.0,0.3321472882675723,1.7582389863474426,-0.8885534554184129,1
0.8510314447613994,7.479999999999885,81.0,0.3307172895469814,1.7565685798159325,-0.8890938868311669,1
0.8581161824315244,7.489999999999885,82.0,0.3266017227027158,1.754921631648784,-0.8794352584738747,1
0.8651181148270556,7.509999999999884,83.0,0.32543156950116475,1.7532978687261411,-0.8807256890639183,1
0.8720383253369457,7.529999999999884,84.0,0.3243739915977132,1.751697021457533,-0.8823565660384747,1
0.8788778863718846,7.539999999999884,85.0,0.3206948555672486,1.7501188237330476,-0.8738625630549564,1
0.8856378591006636,7.559999999999883,86.0,0.3198629002891291,1.748563012874548,-0.876165945236353,1
0.8923192932273559,7.579999999999883,87.0,0.3191303662479564,1.7470293295872326,-0.8787763502705879,1
0.8989232268133845,7.589999999999883,88.0,0.3158295908596348,1.7455175179111262,-0.8713273365483694,1
0.9054506860891772,7.609999999999882,89.0,0.315295174902913,1.7440273251759664,-0.8745440605359722,1
0.9119026853432968,7.619999999999882,90.0,0.3122322396609527,1.7425585019534018,-0.8677489853167062,1
0.9182802267925193,7.629999999999882,91.0,0.30929834786599925,1.7411108020127708,-0.8612866839589088,1
0.9245843005262617,7.649999999999881,92.0,0.3090343874220519,1.7396839822743262,-0.8653478845588078,1
0.9308158844136041,7.659999999999881,93.0,0.3063074090484727,1.738277802766724,-0.8594747043684003,1
0.9369759440867003,7.679999999999881,94.0,0.30620413825980203,1.73689202658173,-0.8640487822623,1
0.9430654328958595,7.6899999999998805,95.0,0.3036674008849295,1.7355264198322837,-0.8587272666994576,1
0.9490852919180073,7.69999999999988,96.0,0.3012347780886321,1.73418075160907,-0.8536876157702982,1
0.9550364499397775,7.70999999999988,97.0,0.2989016075723262,1.7328547939398964,-0.8489204767546241,1
0.9609198235175017,7.72999999999988,98.0,0.29908734490771566,1.7315483217463716,-0.8544401148490206,1
0.9667363169702239,7.739999999999879,99.0,0.2969145743080076,1.7302611128052938,-0.8501570961298495,1
0.9724868224527279,7.749999999999879,100.0,0.2948300253499841,1.7289929477071162,-0.8461220723462404,1
0.9781722199975917,7.759999999999879,101.0,0.2928300049599132,1.7277436098170909,-0.8423271980173106,1
0.9837933775884714,7.769999999999879,102.0,0.29091103502776733,1.7265128852359235,-0.8387649651393023,1
0.9893511512180907,7.789999999999878,103.0,0.29140100650476164,1.72530056276203,-0.8453151583909604,1
0.9948463850022897,7.799999999999878,104.0,0.28961363758684305,1.7241064338523595,-0.8421676111404783,1
1.0002799112358982,7.809999999999878,105.0,0.2878989266549501,1.7229302925864545,-0.8392329972238142,1
1.005652550497239,7.819999999999878,106.0,0.2862540759331117,1.7217719356292813,-0.836504964896976,1
1.0109651117632068,7.8299999999998775,107.0,0.2846764407919229,1.7206311621944967,-0.8339774233864963,1
1.0162183925013302,7.839999999999877,108.0,0.28316351966292147,1.719507774009308,-0.8316445299985917,1
1.021413178770842,7.849999999999877,109.0,0.2817129447271294,1.718401575279547,-0.8295006779684118,1
1.0265502453716033,7.859999999999877,110.0,0.28032247329598525,1.7173123726539796,-0.8275404849031143,1
1.0316303559146969,7.869999999999877,111.0,0.2789899799057167,1.7162399751916,-0.8257587820829582,1
1.0366542629875093,7.879999999999876,112.0,0.2777134489426689,1.7151841943267008,-0.8241506041495086,1
1.04162270824951,7.889999999999876,113.0,0.2764909678691829,1.7141448438365723,-0.8227111795436626,1
1.0465364225715557,7.899999999999876,114.0,0.2753207209114712,1.7131217398084855,-0.8214359213784295,1
1.051396126147719,7.899999999999876,115.0,0.27206852449195373,1.7121147006079114,-0.8107278718282087,1
1.0562025286458099,7.909999999999876,116.0,0.27100992039204613,1.711123546846372,-0.8097873600500565,1
1.0609563293263364,7.919999999999876,117.0,0.2699980814356681,1.7101481013505038,-0.8089975980146313,1
1.0656582171759659,7.929999999999875,118.0,0.2690315442171133,1.7091881891312999,-0.8083546742593095,1
1.0703088710405015,7.939999999999875,119.0,0.26810891571115886,1.7082436373538055,-0.807854822804748,1
1.0749089597543742,7.949999999999875,120.0,0.26722886928039175,1.7073142753073371,-0.8074944166736442,1
1.0794591422814817,7.959999999999875,121.0,0.2663901409433247,1.7063999343759932,-0.807269961723982,1
1.083960067847574,7.959999999999875,122.0,0.26355493965005916,1.705500448009758,-0.7977319408095855,1
1.0884123760619666,7.9699999999998745,123.0,0.26280398382802284,1.7046156516960644,-0.7977844122264288,1
1.092816697074744,7.979999999999874,124.0,0.26209047447509026,1.7037453829315201,-0.7979625273722506,1
1.097173651687445,7.989999999999874,125.0,0.2614133790263935,1.7028894811944149,-0.7982632821252893,1
1.1014838514982441,7.989999999999874,126.0,0.2587875174943265,1.702047787917372,-0.7893177523281345,1
1.105747899028986,7.999999999999874,127.0,0.2581873207130363,1.7012201464605163,-0.7898679574888097,1
1.1099663878622343,8.009999999999874,128.0,0.2576203436306874,1.7004064020850196,-0.7905318979690734,1
1.1141399027648797,8.009999999999874,129.0,0.2551409413292926,1.6996064019270474,-0.7820009621368285,1
1.1182690198275393,8.019999999999873,130.0,0.2546437247208376,1.6988199949721026,-0.7828958927210963,1
1.1223543065842763,8.029999999999873,131.0,0.2541769588871302,1.6980470320297238,-0.783896567190997,1
1.126396322146487,8.029999999999873,132.0,0.2518306600313371,1.697287365708593,-0.7757499059120319,1
1.1303956173302687,8.039999999999873,133.0,0.2514274202954679,1.6965408503920223,-0.7769649372298875,1
1.1343527347708806,8.049999999999873,134.0,0.25105222242082204,1.6958073422136626,-0.7782785244899291,1
1.1382682090716585,8.049999999999873,135.0,0.24882725826468718,1.695086699033959,-0.7704886781806075,1
1.1421425669018388,8.059999999999873,136.0,0.2485101204878152,1.6943787804164168,-0.7720016021643694,1
1.145976327130777,8.059999999999873,137.0,0.24636742801319023,1.6936834476046394,-0.7644458823179774,1
1.1497700009461027,8.069999999999872,138.0,0.2461048808489404,1.693000563499515,-0.7661486473979653,1
1.1535240919801784,8.079999999999872,139.0,0.24586693299007933,1.69232999263695,-0.7679393933539798,1
1.1572390964194108,8.079999999999872,140.0,0.24382848352060033,1.691671601165634,-0.7606997525872354,1
1.160915503112964,8.089999999999872,141.0,0.24364071994117867,1.6910252568250963,-0.7626676283532146,1
1.1645537937143613,8.089999999999872,142.0,0.24167354352712903,1.6903908289248308,-0.7556362465579176,1
1.1681544427716,8.099999999999872,143.0,0.2415331467390862,1.6897681883227178,-0.7577731816138278,1
1.1717179178389072,8.099999999999872,144.0,0.23963324995779717,1.6891572074041203,-0.7509406025124004,1
1.175244679610763,8.109999999999872,145.0,0.239537627394465,1.68855776006207,-0.7532390301716778,1
1.1787351819958398,8.109999999999872,146.0,0.23770131192548433,1.6879697216760634,-0.7465963541017431,1
1.1821898722665405,8.119999999999871,147.0,0.2376480746918251,1.6873929690934293,-0.7490491743341929,1
1.1856091911231188,8.119999999999871,148.0,0.23587191047291223,1.6868273806084457,-0.7425880185712743,1
1.188993572824064,8.129999999999871,149.0,0.2358588544545331,1.6862728359438202,-0.7451885640564657,1
1.1923434452893136,8.129999999999871,150.0,0.23413965573233556,1.685729216231732,-0.7389010264989284,1
1.1956592301909073,8.139999999999871,151.0,0.23416474474308765,1.6851964039947018,-0.7416430314930318,1
1.198941343049207,8.139999999999871,152.0,0.23249954862721925,1.6846742831269446,-0.7355216572787147,1
1.2021901933549968,8.14999999999987,153.0,0.23256089938084012,1.684162738877123,-0.7383992291767705,1
1.205406184642473,8.14999999999987,154.0,0.230946946629689,1.6836616578294716,-0.7324369800358985,1
1.2085897145937696,8.14999999999987,155.0,0.22936533611699794,1.6831709278864753,-0.7265634969742218,1
1.2117411751370097,8.15999999999987,156.0,0.22947753302228271,1.6826904382516654,-0.7296347992645249,1
1.2148609525326377,8.15999999999987,157.0,0.22794311412208135,1.6822200794121955,-0.7239102781622071,1
1.2179494274681828,8.16999999999987,158.0,0.22808728929300073,1.6817597431221039,-0.7271036048451167,1
1.221006975145719,8.16999999999987,159.0,0.226597754214541,1.6813093223855624,-0.7215219433044862,1
1.2240339653738244,8.16999999999987,160.0,0.22513687647130934,1.680868711440663,-0.7160204423744032,1
1.227030762654134,8.17999999999987,161.0,0.22532566059401687,1.680437805743252,-0.7193879483029506,1
1.2299977262555182,8.17999999999987,162.0,0.22390625880528592,1.680016501950364,-0.7140204644339334,1
1.2329352103239424,8.18999999999987,163.0,0.22412347646464684,1.6796046979059884,-0.717498324871034,1
1.2358435639311867,8.18999999999987,164.0,0.22274360587402042,1.6792022926236425,-0.7122595443053481,1
1.2387231311910805,8.18999999999987,165.0,0.2213892678048967,1.6788091862731895,-0.7070933977158127,1
1.2415742513117434,8.19999999999987,166.0,0.221645901555404,1.678425280164149,-0.7107285281123139,1
1.244397258691472,8.19999999999987,167.0,0.220328207680817,1.6780504767319553,-0.7056833591161185,1
1.2471924829870278,8.19999999999987,168.0,0.21903434362531754,1.6776846795227833,-0.7007067005111376,1
1.2499602491945452,8.20999999999987,169.0,0.21932762315501306,1.677327793179494,-0.7044899110982059,1
1.2527008777236597,8.20999999999987,170.0,0.21806778756833226,1.676979723427423,-0.699627097975065,1
1.255414684471596,8.20999999999987,171.0,0.21683023217927289,1.6766403770604494,-0.6948289772493794,1
1.258101980888966,8.21999999999987,172.0,0.21715766476226459,1.6763096619267654,-0.6987518183121624,1
1.2607630740669638,8.21999999999987,173.0,0.21595176239119435,1.6759874869164804,-0.6940609500057506,1
1.2633982667917856,8.21999999999987,174.0,0.21476672670664215,1.6756737619471294,-0.689431234286116,1
1.2660078576146143,8.21999999999987,175.0,0.21360204063038143,1.6753683979505631,-0.6848614655920955,1
1.2685921409292849,8.229999999999869,176.0,0.21397052008923742,1.6750713068607193,-0.6889573607000743,1
1.2711514070340943,8.229999999999869,177.0,0.21283454992239617,1.6747824016005097,-0.6844866610806393,1
1.2736859421973614,8.229999999999869,178.0,0.21171767970371433,1.6745015960692102,-0.680072706152655,1
1.276196028708045,8.239999999999869,179.0,0.21211531195909095,1.6742288051288858,-0.6842908285937976,1
1.2786819449717255,8.239999999999869,180.0,0.21102525167926336,1.6739639445948895,-0.6799704344921613,1
1.2811439655375942,8.239999999999869,181.0,0.20995314579949853,1.673706931220826,-0.6757038072700752,1
1.2835823611802535,8.239999999999869,182.0,0.20889857140342355,1.673457682688416,-0.67148992738875,1
1.2859973989566298,8.249999999999869,183.0,0.20933111983103722,1.6732161175955031,-0.6758595434557373,1
1.2883893422514459,8.249999999999869,184.0,0.20830098299043398,1.6729821554432582,-0.6717323582496475,1
1.2907584508614356,8.249999999999869,185.0,0.20728735842354293,1.6727557166271827,-0.6676552162224982,1
1.2931049810291122,8.249999999999869,186.0,0.20628986793866927,1.6725367224237428,-0.6636271887693346,1
1.2954291855028262,8.259999999999868,187.0,0.20675436908639291,1.672325094979622,-0.6681375520263775,1
1.2977313136052884,8.259999999999868,188.0,0.20577920962794558,1.6721207573021135,-0.6641899941797909,1
1.3000116112714406,8.259999999999868,189.0,0.20481927439289194,1.6719236332467837,-0.6602890902576621,1
1.302270321111797,8.259999999999868,190.0,0.2038742240673463,1.6717336475078404,-0.656433992773112,1
1.3045076824578317,8.259999999999868,191.0,0.2029437292298489,1.6715507256069835,-0.6526238739617518,1
1.3067239314203194,8.269999999999868,192.0,0.20344347435557297,1.671374793883789,-0.6572951268534171,1
1.308919300934506,8.269999999999868,193.0,0.2025329485532261,1.6712057794849988,-0.6535584069957556,1
1.3110940208117146,8.269999999999868,194.0,0.20163618744924197,1.6710436103546866,-0.6498644751860059,1
1.313248317788938,8.269999999999868,195.0,0.2007528943303844,1.670888215224464,-0.6462125741595408,1
1.315382415574405,8.269999999999868,196.0,0.1998827808503279,1.6707395236034637,-0.6426019638431131,1
1.3174965348976881,8.279999999999868,197.0,0.20041414315275852,1.6705974657690659,-0.6474203971518757,1
1.3195908935526146,8.279999999999868,198.0,0.1995619494735267,1.6704619727570282,-0.643876900867153,1
1.3216657064442812,8.279999999999868,199.0,0.19872224488107026,1.6703329763523087,-0.6403727394262331,1
1.3237211856386124,8.279999999999868,200.0,0.19789476870932077,1.6702104090804106,-0.6369072342441016,1
1.3257575403939006,8.279999999999868,201.0,0.19707926741392462,1.6700942041968456,-0.6334797217880717,1
1.3277749772148846,8.279999999999868,202.0,0.19627549432478253,1.6699842956794202,-0.6300895531554598,1
1.3297736998968999,8.289999999999868,203.0,0.19683976682147714,1.6698806182196335,-0.6350672223774898,1
1.3317539095587114,8.289999999999868,204.0,0.19605176851326134,1.669783107212892,-0.6317374635627113,1
1.333715804686432,8.289999999999868,205.0,0.19527490940367628,1.6696916987502315,-0.6284433366824691,1
1.3356595811777618,8.289999999999868,206.0,0.19450896558933264,1.6696063296103474,-0.6251842452137333,1
1.3375854323763192,8.289999999999868,207.0,0.19375371905695815,1.66952693725055,-0.6219596054930436,1
1.3394935491158002,8.289999999999868,208.0,0.19300895748833527,1.6694534597991928,-0.618768846372757,1
1.341384119753537,8.289999999999868,209.0,0.19227447407933307,1.6693858360469225,-0.6156114089058309,1
1.3432573302089077,8.299999999999867,210.0,0.1928714773952897,1.6693240054387573,-0.62075416826441,1
1.345113364006101,8.299999999999867,211.0,0.19215064366166823,1.6692679080669326,-0.6176503368136192,1
1.3469524023053472,8.299999999999867,212.0,0.19143959604664826,1.6692174846624384,-0.614578355720091,1
1.348774623931786,8.299999999999867,213.0,0.19073814600607383,1.669172676586346,-0.6115377097129919,1
1.3505802054282565,8.299999999999867,214.0,0.1900461097452582,1.6691334258246577,-0.6085278942616856,1
1.352369321073929,8.299999999999867,215.0,0.18936330807625154,1.6690996749786178,-0.6055484153340174,1
1.354142142923864,8.299999999999867,216.0,0.18868956627393127,1.669071367258091,-0.6025987891230942,1
1.3558988408475372,8.299999999999867,217.0,0.18802471393683814,1.669048446475016,-0.5996785417827339,1
1.3576395825461571,8.309999999999867,218.0,0.18865307780221388,1.6690308570339905,-0.6049867841375784,1
1.3593645336089735,8.309999999999867,219.0,0.187999858744423,1.6690185439286542,-0.6021135069174204,1
1.361073857520094,8.309999999999867,220.0,0.18735512548380315,1.6690114527310664,-0.5992683647124089,1
1.3627677157082623,8.309999999999867,221.0,0.1867187219449475,1.669009529587541,-0.5964509193769589,1
1.3644462675678113,8.309999999999867,222.0,0.18609049580923054,1.669012721210393,-0.5936607416046835,1
1.3661096704854487,8.309999999999867,223.0,0.18547029840552046,1.6690209748707039,-0.5908974107195917,1
1.3677580798879196,8.309999999999867,224.0,0.18485798459417033,1.6690342383944372,-0.5881605144347717,1
1.3693916492475957,8.309999999999867,225.0,0.1842534126731508,1.669052460152312,-0.5854496486921974,1
1.3710105301271605,8.309999999999867,226.0,0.1836564442712529,1.6690755890557814,-0.5827644174366711,1
1.3726148722059222,8.309999999999867,227.0,0.18306694425263823,1.6691035745504434,-0.5801044324276452,1
1.374204823297552,8.309999999999867,228.0,0.18248478062637555,1.669136366608134,-0.5774693130710182,1
1.375780529390669,8.319999999999867,229.0,0.1831468482822637,1.6691739157228709,-0.5829696395908976,1
1.377342134665759,8.319999999999867,230.0,0.1825740927725183,1.66921617290317,-0.5803739433138624,1
1.3788897815271823,8.319999999999867,231.0,0.18200836291427794,1.6692630896669092,-0.5778021176491401,1
1.3804236106251977,8.319999999999867,232.0,0.18144953712013026,1.669314618034748,-0.5752538093265176,1
1.381943760883757,8.319999999999867,233.0,0.18089749655601736,1.6693707105246383,-0.5727286718785132,1
1.3834503695267866,8.319999999999867,234.0,0.18035212506393705,1.669431320146221,-0.570226365480186,1
1.3849435720975523,8.319999999999867,235.0,0.17981330908907828,1.6694964003942334,-0.567746556804829,1
1.386423502490795,8.319999999999867,236.0,0.1792809376052026,1.6695659052441962,-0.5652889188602679,1
1.387890292968668,8.319999999999867,237.0,0.1787549020480502,1.6696397891454944,-0.5628531308574476,1
1.3893440741892626,8.319999999999867,238.0,0.17823509624599324,1.6697180070167508,-0.5604388780597063,1
1.390784975228256,8.319999999999867,239.0,0.17772141635526564,1.6698005142401606,-0.5580458516474494,1
1.3922131236001125,8.319999999999867,240.0,0.17721376079798656,1.669887266655883,-0.555673748586589,1
1.3936286452823867,8.319999999999867,241.0,0.17671203020004253,1.6699782205570808,-0.553322271494394,1
1.395031664738599,8.319999999999867,242.0,0.17621612733166284,1.6700733326849087,-0.5509911285106359,1
1.3964223049380675,8.319999999999867,243.0,0.17572595705111352,1.6701725602230404,-0.5486800331769048,1
1.3978006873688538,8.319999999999867,244.0,0.17524142625210304,1.6702758607910464,-0.546388704330701,1
1.3991669320826754,8.319999999999867,245.0,0.1747624438021377,1.6703831924438144,-0.5441168659454125,1
1.4005211576868488,8.319999999999867,246.0,0.17428892049984154,1.6704945136613234,-0.5418642470666333,1
1.4018634813839652,8.329999999999867,247.0,0.1749889023929609,1.6706097833473565,-0.5476097810709475,1
1.403194018984441,8.329999999999867,248.0,0.1745221502824472,1.6707289608233125,-0.5453872419096948,1
1.4045128849242121,8.329999999999867,249.0,0.1740606495765715,1.6708520058230927,-0.543183219077862,1
1.405820192286413,8.329999999999867,250.0,0.1736043174431334,1.6709788784888355,-0.5409974596742797,1
1.4071160528279376,8.329999999999867,251.0,0.17315307275737585,1.6711095393677784,-0.5388297153226196,1
1.4084005769839263,8.329999999999867,252.0,0.17270683606300988,1.671243949404943,-0.5366797420981715,1
1.4096738738928725,8.329999999999867,253.0,0.17226552952795376,1.6713820699398891,-0.5345473004201258,1
1.410936051420109,8.329999999999867,254.0,0.17182907690087584,1.6715238627033664,-0.5324321549486093,1
1.4121872161661306,8.329999999999867,255.0,0.17139740347550667,1.6716692898110201,-0.5303340745103622,1
1.4134274734862768,8.329999999999867,256.0,0.17097043605054135,1.6718183137594793,-0.5282528320060758,1
1.4146569275158432,8.329999999999867,257.0,0.17054810289004305,1.6719708974236611,-0.5261882043099577,1
1.4158756811768374,8.329999999999867,258.0,0.17013033369043176,1.6721270040504679,-0.5241399722032793,1
1.4170838361997662,8.329999999999867,259.0,0.1697170595429243,1.6722865972556624,-0.5221079202830312,1
1.4182814931403938,8.329999999999867,260.0,0.16930821290058984,1.6724496410197953,-0.5200918368810572,1
1.4194687513908824,8.329999999999867,261.0,0.16890372754543537,1.6726160996830952,-0.5180915139945221,1
1.4206457092044134,8.329999999999867,262.0,0.16850353855390987,1.672785937943266,-0.5161067471941991,1
1.4218124637046952,8.329999999999867,263.0,0.16810758226746272,1.6729591208502361,-0.5141373355607177,1
1.4229691108930975,8.329999999999867,264.0,0.1677157962649,1.673135613800452,-0.5121830816262984,1
1.4241157456910483,8.329999999999867,265.0,0.16732811932354513,1.6733153825388434,-0.510243791256066,1
1.4252524619205056,8.329999999999867,266.0,0.16694449140262574,1.6734983931475942,-0.5083192736391544,1
1.4263793523431836,8.329999999999867,267.0,0.16656485360635434,1.673684612047658,-0.5064093411781134,1
1.4274965086633369,8.329999999999867,268.0,0.16618914816152658,1.6738740059924924,-0.5045138094433836,1
1.4286040215527922,8.329999999999867,269.0,0.16581731838673236,1.6740665420667575,-0.5026324970900173,1
1.4297019806489493,8.329999999999867,270.0,0.1654493086726674,1.6742621876791326,-0.5007652258227948,1
1.4307904745836093,8.329999999999867,271.0,0.16508506445237867,1.6744609105620758,-0.4989118203085563,1
1.431869590984057,8.329999999999867,272.0,0.16472453218032415,1.674662678765455,-0.49707210813811775,1
1.4329394164988587,8.329999999999867,273.0,0.16436765930582328,1.6748674606558627,-0.49524591974603904,1
1.43400003680219,8.329999999999867,274.0,0.16401439425206024,1.6750752249111642,-0.49343308836890043,1
1.4350515366099699,8.329999999999867,275.0,0.16366468639358328,1.6752859405177831,-0.49163344998396075,1
1.4360939996904492,8.329999999999867,276.0,0.1633184860350567,1.6754995767668415,-0.4898468432584153,1
1.4371275088792732,8.329999999999867,277.0,0.1629757443888513,1.6757161032513892,-0.4880731094918027,1
1.4381521460939135,8.329999999999867,278.0,0.16263641355480138,1.675935489863618,-0.48631209256039254,1
1.4391679923392624,8.329999999999867,279.0,0.1623004465016186,1.6761577067900555,-0.4845636388778487,1
1.4401751277199868,8.329999999999867,280.0,0.16196779704765998,1.6763827245084129,-0.4828275973449403,1
1.441173631464009,8.329999999999867,281.0,0.1616384198384634,1.676610513787209,-0.4811038192807322,1
1.442163581923354,8.329999999999867,282.0,0.16131227033118767,1.6768410456800664,-0.47939215839395866,1
1.4431450565826873,8.329999999999867,283.0,0.16098930477850165,1.6770742915219161,-0.4776924707417325,1
1.4441181320803376,8.329999999999867,284.0,0.16066948020693764,1.6773102229282641,-0.4760046146673593,1
1.4450828842123693,8.329999999999867,285.0,0.16035275440329774,1.6775488117904855,-0.47432845076829966,1
1.4460393879506712,8.329999999999867,286.0,0.16003908589474475,1.6777900302745827,-0.4726638418405149,1
1.4469877174465038,8.329999999999867,287.0,0.1597284339359862,1.6780338508164774,-0.4710106528487259,1
1.4479279460382541,8.329999999999867,288.0,0.15942075849352097,1.6782802461183646,-0.46936875089001995,1
1.4488601462781312,8.329999999999867,289.0,0.15911602022603946,1.6785291891498775,-0.4677380051252855,1
1.44978438992457,8.329999999999867,290.0,0.15881418047454787,1.6787806531408085,-0.46611828677070277,1
1.450700747961306,8.329999999999867,291.0,0.15851520124533905,1.67903461158051,-0.464509469043628,1
1.4516092906022517,8.329999999999867,292.0,0.15821904519734908,1.6792910382138333,-0.46291142713365807,1
1.452510087311907,8.319999999999867,293.0,0.15689619963616613,1.679549907041075,-0.45362306012745424,1
1.4534032068026919,8.319999999999867,294.0,0.1566078787100099,1.6798111923121435,-0.4520509353417377,1
1.454288717048104,8.319999999999867,295.0,0.15632224905744452,1.6800748685247586,-0.45048917730141236,1
1.4551666852998486,8.319999999999867,296.0,0.156039276138198,1.6803409104238405,-0.4489376692014888,1
1.456037178085868,8.319999999999867,297.0,0.15575892599311558,1.6806092929959684,-0.4473962960279625,1
1.4569002612265491,8.319999999999867,298.0,0.15548116523059682,1.6808799914686512,-0.44586494451262393,1
1.4577559998399254,8.319999999999867,299.0,0.15520596101557058,1.68115298130678,-0.4443435031073453,1
1.4586044583551092,8.319999999999867,300.0,0.15493328105706375,1.6814282382113062,-0.44283186194465785,1
1.4594457005163084,8.319999999999867,301.0,0.1546630935981807,1.6817057381155225,-0.44132991281497747,1
1.4602797893933521,8.319999999999867,302.0,0.15439536740486376,1.681985457183089,-0.4398375491330906,1
1.461106787392747,8.319999999999867,303.0,0.15413007175413532,1.6822673718063212,-0.43835466590411754,1
1.4619267562562277,8.319999999999867,304.0,0.1538671764271585,1.6825514586011225,-0.4368811597114619,1
1.462739757087346,8.319999999999867,305.0,0.15360665169320287,1.6828376944095826,-0.43541692865686277,1
1.463545850340215,8.319999999999867,306.0,0.15334846830574875,1.6831260562923909,-0.4339618723660075,1
1.4643450958397453,8.319999999999867,307.0,0.1530925974893187,1.683416521529841,-0.43251589194030204,1
1.4651375527821178,8.319999999999867,308.0,0.15283901093205823,1.6837090676175115,-0.43107888994304044,1
1.4659232797495103,8.319999999999867,309.0,0.1525876807744646,1.684003672265915,-0.42965077036140187,1
1.4667023347132244,8.319999999999867,310.0,0.15233857960181912,1.6843003133970214,-0.4282314385887578,1
1.467474775041363,8.319999999999867,311.0,0.15209168043580823,1.6845989691420784,-0.4268208013994803,1
1.46824065750971,8.319999999999867,312.0,0.15184695672410367,1.6848996178403979,-0.42541876691858627,1
1.469000038301912,8.319999999999867,313.0,0.1516043823350025,1.6852022380351719,-0.4240252446101067,1
1.4697529730243517,8.319999999999867,314.0,0.15136393154624822,1.6855068084735063,-0.4226401452404793,1
1.4704995167115955,8.319999999999867,315.0,0.15112557903806131,1.6858133081038364,-0.42126338085848336,1
1.4712397238308244,8.309999999999867,316.0,0.1499149081645211,1.6861217160731206,-0.4123101785089822,1
1.4719736482908605,8.309999999999867,317.0,0.14968248759512054,1.6864320117253706,-0.4109536069964663,1
1.4727013434469824,8.309999999999867,318.0,0.14945207451951248,1.6867441745990446,-0.409605078289315,1
1.4734228621066359,8.309999999999867,319.0,0.14922364537205943,1.687058184424733,-0.4082645097329267,1
1.474138256544986,8.309999999999867,320.0,0.1489971769470558,1.687374021125763,-0.4069318198328875,1
1.4748475784977149,8.309999999999867,321.0,0.14877264639591964,1.6876916648122329,-0.4056069282583117,1
1.4755508791797805,8.309999999999867,322.0,0.1485500312169351,1.6880110957826744,-0.4042897558009131,1
1.4762482092827147,8.309999999999867,323.0,0.14832930925114632,1.6883322945194679,-0.40298022437112824,1
1.4769396189891433,8.309999999999867,324.0,0.1481104586737994,1.6886552416893834,-0.4016782569649444,1
1.4776251579680617,8.309999999999867,325.0,0.14789345799112427,1.6889799181384706,-0.4003837776639372,1
1.4783048753915107,8.309999999999867,326.0,0.14767828603096506,1.6893063048933312,-0.39909671159887505,1
1.4789788199394218,8.309999999999867,327.0,0.1474649219374168,1.6896343831589957,-0.39781698493376694,1
1.479647039797026,8.309999999999867,328.0,0.1472533451673499,1.6899641343145118,-0.39654452486293135,1
1.4803095826695565,8.309999999999867,329.0,0.14704353548193547,1.6902955399138369,-0.3952792595785819,1
1.4809664957838473,8.309999999999867,330.0,0.14683547294254137,1.6906285816828037,-0.39402111826109576,1
1.4816178258961825,8.309999999999867,331.0,0.14662913790436247,1.6909632415180393,-0.39277003105875385,1
1.4822636192913263,8.309999999999867,332.0,0.14642451101312,1.6912995014832175,-0.3915259290827766,1
1.4829039218017088,8.299999999999867,333.0,0.14528305986248732,1.6916373438115377,-0.38278180658136685,1
1.483538778797768,8.299999999999867,334.0,0.14508332221522094,1.6919767508993895,-0.38155468457213426,1
1.4841682352062837,8.299999999999867,335.0,0.1448852225752121,1.692317705308687,-0.38033431661701655,1
1.4847923355001282,8.299999999999867,336.0,0.14468874285679456,1.692660189760385,-0.37912063778682303,1
1.485411123724146,8.299999999999867,337.0,0.14449386523211324,1.6930041871392782,-0.3779135840066703,1
1.486024643481121,8.299999999999867,338.0,0.14430057213238198,1.6933496804863968,-0.37671309207440573,1
1.4866329379476282,8.299999999999867,339.0,0.14410884623987902,1.6936966530007753,-0.3755190996281197,1
1.4872360498771608,8.299999999999867,340.0,0.14391867048419274,1.694045088037285,-0.37433154513556266,1
1.4878340215982746,8.299999999999867,341.0,0.14373002803988608,1.6943949691029079,-0.373150367892211,1
1.4884268950348707,8.299999999999867,342.0,0.14354290231773414,1.6947462798600965,-0.3719755079816498,1
1.4890147116953498,8.299999999999867,343.0,0.14335727696477724,1.6950990041202625,-0.3708069062892958,1
1.4895975126830765,8.299999999999867,344.0,0.14317313585896402,1.6954531258440781,-0.3696445044798289,1
1.4901753387052197,8.299999999999867,345.0,0.14299046310381536,1.6958086291413295,-0.3684882449775364,1
1.490748230070277,8.299999999999867,346.0,0.1428092430264663,1.6961654982671426,-0.3673380709661347,1
1.4913162266964886,8.289999999999868,347.0,0.14171820431407078,1.6965237176217751,-0.3587472994782115,1
1.4918793681181195,8.289999999999868,348.0,0.1415411815180833,1.6968832717497613,-0.35761193983461825,1
1.4924376934855619,8.289999999999868,349.0,0.1413655541264697,1.697244145337056,-0.35648247349539575,1
1.4929912415742361,8.289999999999868,350.0,0.14119130744915412,1.69760632321112,-0.3553588467843545,1
1.493540050780857,8.289999999999868,351.0,0.14101842699974323,1.6979697903368616,-0.3542410067272834,1
1.4940841591383416,8.289999999999868,352.0,0.14084689848946688,1.6983345318187721,-0.353128901022834,1
1.4946236043158376,8.289999999999868,353.0,0.14067670782467778,1.698700532898178,-0.35202247803890274,1
1.4951584236189126,8.289999999999868,354.0,0.14050784110471343,1.6990677789505892,-0.3509216868088143,1
1.4956886539984806,8.289999999999868,355.0,0.1403402846174528,1.699436255485962,-0.34982647701272285,1
1.4962143320524952,8.289999999999868,356.0,0.14017402483669492,1.6998059481465935,-0.3487367989714494,1
1.4967354940298447,8.289999999999868,357.0,0.1400090484189883,1.7001768427057748,-0.34765260363665895,1
1.4972521758355621,8.289999999999868,358.0,0.13984534220050196,1.700548925066956,-0.3465738425788538,1
1.4977644130374002,8.289999999999868,359.0,0.13968289319293553,1.7009221812633506,-0.34550046797318834,1
1.49827224085931,8.279999999999868,360.0,0.13863376478048997,1.7012965974531813,-0.33703823846270176,1
1.4987756941999493,8.279999999999868,361.0,0.13847497786071877,1.7016721599234241,-0.3359779794855342,1
1.4992748076261133,8.279999999999868,362.0,0.1383174003315032,1.7020488550850852,-0.33492294401078904,1
1.4997696153782876,8.279999999999868,363.0,0.13816101999003108,1.7024266694725925,-0.3338730867796227,1
1.5002601513712903,8.279999999999868,364.0,0.13800582479598164,1.7028055897415437,-0.332828363101795,1
1.5007464492112577,8.279999999999868,365.0,0.13785180286435217,1.7031856026721721,-0.3317887288242347,1
1.5012285421833338,8.279999999999868,366.0,0.1376989424681615,1.7035666951626585,-0.33075414034962325,1
1.5017064632633765,8.279999999999868,367.0,0.1375472320330139,1.7039488542308194,-0.3297245546141041,1
1.502180245116302,8.279999999999868,368.0,0.13739666013620574,1.7043320670111441,-0.3286999290878585,1
1.5026499201054178,8.279999999999868,369.0,0.13724721550299213,1.7047163207557505,-0.3276802217569823,1
1.503115520295567,8.279999999999868,370.0,0.1370988870036027,1.705101602833171,-0.3266653911160109,1
1.5035770774503703,8.279999999999868,371.0,0.1369516636532716,1.705487900725093,-0.32565539617056594,1
1.504034623040127,8.269999999999868,372.0,0.13593781598891638,1.7058752020268795,-0.31730210200037057,1
1.5044881882443955,8.269999999999868,373.0,0.13579383422827712,1.7062634944462465,-0.3163038727039029,1
1.5049378039542158,8.269999999999868,374.0,0.13565091689021866,1.7066527658018305,-0.31531033846114065,1
1.5053835007785161,8.269999999999868,375.0,0.13550905363084023,1.7070430040232871,-0.3143214604020903,1
1.5058253090372873,8.269999999999868,376.0,0.1353682342394912,1.707434197146646,-0.31333720013541133,1
1.5062632587818514,8.269999999999868,377.0,0.13522844863229513,1.7078263333194672,-0.31235751971220593,1
1.5066973797816747,8.269999999999868,378.0,0.13508968685445283,1.7082194007939582,-0.3113823816468493,1
1.5071277015367301,8.269999999999868,379.0,0.13495193907578404,1.7086133879293068,-0.31041174889437984,1
1.5075542532743647,8.269999999999868,380.0,0.1348151955903953,1.7090082831884812,-0.30944558485428497,1
1.50797706395838,8.269999999999868,381.0,0.1346794468129821,1.7094040751394592,-0.30848385335356276,1
1.5083961622876556,8.269999999999868,382.0,0.13454468327833613,1.7098007524526733,-0.3075265186476559,1
1.5088115766999424,8.269999999999868,383.0,0.13441089563907935,1.71019830390038,-0.30657354541259263,1
1.5092233353755151,8.259999999999868,384.0,0.13342899388334636,1.7105967183560056,-0.2983197550673209,1
1.5096314662369783,8.259999999999868,385.0,0.13329808727679868,1.7109959847920486,-0.29737737540845255,1
1.5100359969597807,8.259999999999868,386.0,0.1331681216761478,1.7113960922820555,-0.29643923523002336,1
1.5104369549640446,8.259999999999868,387.0,0.13303908826318533,1.7117970299956107,-0.2955053009930686,1
1.510834367426223,8.259999999999868,388.0,0.13291097832687493,1.7121987872007545,-0.29457553954146776,1
1.511228261276483,8.259999999999868,389.0,0.13278378326314524,1.7126013532610922,-0.2936499181053027,1
1.5116186632043185,8.259999999999868,390.0,0.1326574945725102,1.71300471763603,-0.2927284042902123,1
1.5120055996584305,8.259999999999868,391.0,0.13253210385904104,1.713408869878817,-0.29181096607661305,1
1.5123890968512677,8.259999999999868,392.0,0.13240760282840044,1.7138137996364484,-0.29089757181093234,1
1.5127691807628898,8.259999999999868,393.0,0.1322839832860575,1.7142194966492683,-0.2899881901980934,1
1.513145877139232,8.259999999999868,394.0,0.1321612371368146,1.7146259507484987,-0.2890827903035642,1
1.5135192114987537,8.249999999999869,395.0,0.13120666336537223,1.7150331518569828,-0.280914548782236,1
1.5138892091304224,8.249999999999869,396.0,0.13108650975582942,1.7154410899866155,-0.2800187969356436,1
1.5142558950999436,8.249999999999869,397.0,0.13096719913999652,1.7158497552389746,-0.27912691933744216,1
1.5146192942534717,8.249999999999869,398.0,0.1308487238668515,1.7162591378050067,-0.27823888656696627,1
1.5149794312132423,8.249999999999869,399.0,0.13073107637721698,1.716669227961614,-0.27735466954106536,1
1.5153363303878953,8.249999999999869,400.0,0.13061424920039802,1.71708001607393,-0.27647423949580974,1
1.5156900159680513,8.249999999999869,401.0,0.1304982349544578,1.7174914925919051,-0.2755975679933549,1
1.516040511932527,8.249999999999869,402.0,0.13038302634427915,1.7179036480510583,-0.2747246269106791,1
1.516387842048842,8.249999999999869,403.0,0.13026861616039515,1.718316473071001,-0.2738553884381074,1
1.5167320298755675,8.249999999999869,404.0,0.1301549972777164,1.7187299583547027,-0.2729898250747116,1
1.5170730987663956,8.239999999999869,405.0,0.1292239989505025,1.7191440946884826,-0.2648956939244467,1
1.5174110718711618,8.239999999999869,406.0,0.12911273967002224,1.7195588729407758,-0.2640390103112613,1
1.5177459721325126,8.239999999999869,407.0,0.1290022447906878,1.7199742840592287,-0.26318590575680956,1
1.5180778223007885,8.239999999999869,408.0,0.1288925075681618,1.720390319075004,-0.26233635407078104,1
1.5184066449236042,8.239999999999869,409.0,0.12878352133732224,1.7208069690970893,-0.2614903293570281,1
1.5187324623537002,8.239999999999869,410.0,0.12867527950940305,1.721224225313856,-0.260647805999749,1
1.5190552967487125,8.239999999999869,411.0,0.12856777557139354,1.7216420789914324,-0.25980875866346254,1
1.5193751700775373,8.239999999999869,412.0,0.12846100308429773,1.7220605214747402,-0.2589731622817457,1
1.5196921041140932,8.239999999999869,413.0,0.12835495568365116,1.7224795441834757,-0.2581409920675082,1
1.5200061204517274,8.239999999999869,414.0,0.1282496270756932,1.7228991386164059,-0.2573122234880607,1
1.5203172404870928,8.229999999999869,415.0,0.12734055984520176,1.7233192963434094,-0.24928754434354383,1
1.5206254854452812,8.229999999999869,416.0,0.1272373836963036,1.7237400090141555,-0.24846696588141826,1
1.5209308763575167,8.229999999999869,417.0,0.12713490245663284,1.7241612683476204,-0.24764970295795297,1
1.5212334340848832,8.229999999999869,418.0,0.12703311016128374,1.724583066140307,-0.24683573218713706,1
1.521533179299949,8.229999999999869,419.0,0.1269320009149537,1.7250053942573182,-0.24602503044822344,1
1.521830132506326,8.229999999999869,420.0,0.12683156888622174,1.72542824463895,-0.2452175748521328,1
1.5221243140276302,8.229999999999869,421.0,0.12673180831013686,1.7258516092947733,-0.24441334276006432,1
1.5224157440178687,8.229999999999869,422.0,0.12663271348487662,1.7262754803065246,-0.2436123117655682,1
1.5227044424562257,8.229999999999869,423.0,0.12653427877294063,1.7266998498245905,-0.24281445970325222,1
1.5229904291561684,8.229999999999869,424.0,0.12643649859822165,1.7271247100704088,-0.2420197646330715,1
1.5232737237593919,8.229999999999869,425.0,0.1263393674471157,1.727550053332633,-0.24122820485050056,1
1.523554345741723,8.21999999999987,426.0,0.12545207407849332,1.7279758719682405,-0.2332732041629897,1
1.5238323144175427,8.21999999999987,427.0,0.12535689482792037,1.7284021584030715,-0.23248915801700965,1
1.5241076489349086,8.21999999999987,428.0,0.12526234354951235,1.7288289051284773,-0.231708170523512,1
1.5243803682790285,8.21999999999987,429.0,0.12516841501097964,1.7292561047014934,-0.23093022096937554,1
1.5246504912794467,8.21999999999987,430.0,0.12507510403603125,1.7296837497465698,-0.23015528884788528,1
1.5249180366043007,8.21999999999987,431.0,0.12498240550539591,1.7301118329518916,-0.22938335386846442,1
1.5251830227697065,8.21999999999987,432.0,0.12489031435415843,1.7305403470720873,-0.22861439594058464,1
1.5254454681322935,8.21999999999987,433.0,0.12479882557325468,1.730969284923844,-0.22784839518645916,1
1.5257053908933345,8.21999999999987,434.0,0.12470793420826619,1.7313986393863867,-0.22708533193398295,1
1.525962809109434,8.20999999999987,435.0,0.12383844859086525,1.7318284034048435,-0.2191873313183652,1
1.5262177406790836,8.20999999999987,436.0,0.12374935952500066,1.7322585699832909,-0.2184312770959682,1
1.5264702033542328,8.20999999999987,437.0,0.12366084886823636,1.7326891321884943,-0.21767809059315457,1
1.5267202147423713,8.20999999999987,438.0,0.12357291191216059,1.733120083149625,-0.21692775300699663,1
1.5269677923026779,8.20999999999987,439.0,0.12348554399887524,1.7335514160554542,-0.21618024572722816,1
1.5272129533471337,8.20999999999987,440.0,0.12339874052061926,1.7339831241536319,-0.21543555033440764,1
1.5274557150481454,8.20999999999987,441.0,0.12331249691747544,1.7344152007528464,-0.21469364858691553,1
1.5276960944346065,8.20999999999987,442.0,0.12322680867828895,1.7348476392199763,-0.2139545224277395,1
1.5279341083964157,8.20999999999987,443.0,0.12314167133888473,1.7352804329809277,-0.21321815397680144,1
1.5281697736779716,8.20999999999987,444.0,0.12305708048375244,1.7357135755166633,-0.2124845255421719,1
1.5284031068961108,8.19999999999987,445.0,0.12220552123717247,1.7361470603699336,-0.2046445000472994,1
1.5286341245246657,8.19999999999987,446.0,0.12212258428770277,1.7365808811374341,-0.20391737360474327,1
1.5288628429034614,8.19999999999987,447.0,0.12204017679269412,1.7370150314726398,-0.203192924099183,1
1.5290892782411563,8.19999999999987,448.0,0.12195829455041007,1.7374495050859986,-0.20247113459794908,1
1.529313446605006,8.19999999999987,449.0,0.1218769334048528,1.7378842957393241,-0.2017519883491361,1
1.5295353639441023,8.19999999999987,450.0,0.12179608923994986,1.738319397255015,-0.20103546874196065,1
1.5297550460691347,8.19999999999987,451.0,0.12171575798400609,1.7387548035060516,-0.2003215593415153,1
1.5299725086657667,8.19999999999987,452.0,0.12163593560664432,1.7391905084209036,-0.1996102438659868,1
1.5301877672850015,8.19999999999987,453.0,0.12155661812053184,1.7396265059781866,-0.1989015062033186,1
1.5304008373628841,8.19999999999987,454.0,0.12147780157645881,1.7400627902144288,-0.1981953303775994,1
1.530611734203646,8.18999999999987,455.0,0.12064308194514778,1.7404993552155632,-0.19041013248246053,1
1.5308204729856043,8.18999999999987,456.0,0.12056578578071947,1.7409361951185363,-0.18970999867818028,1
1.531027068769812,8.18999999999987,457.0,0.12048897526034534,1.7413733041141997,-0.1890123695567978,1
1.531231536492567,8.18999999999987,458.0,0.1204126466251844,1.7418106764429762,-0.18831722983404586,1
1.531433890972008,8.18999999999987,459.0,0.12033679615378697,1.742248306396846,-0.1876245643673593,1
1.5316341469060335,8.18999999999987,460.0,0.1202614201625859,1.7426861883174567,-0.18693435815960324,1
1.5318323188720853,8.18999999999987,461.0,0.12018651500573856,1.7431243165950518,-0.1862465963596458,1
1.5320284213352857,8.18999999999987,462.0,0.1201120770729482,1.7435626856712316,-0.185561264248584,1
1.5322224686428672,8.18999999999987,463.0,0.12003810279063303,1.7440012900354744,-0.1848783472495028,1
1.5324144750225022,8.17999999999987,464.0,0.11921828577004115,1.7444401242234477,-0.17714184542030975,1
1.5326044545986028,8.17999999999987,465.0,0.11914572178250664,1.7448791828235308,-0.1764645901172608,1
1.5327924213731299,8.17999999999987,466.0,0.11907360753525321,1.7453184604671248,-0.1757896975353872,1
1.5329783892417403,8.17999999999987,467.0,0.11900193962192052,1.7457579518351538,-0.17511715370424397,1
1.533162371989321,8.17999999999987,468.0,0.11893071467004729,1.7461976516551079,-0.17444694478353617,1
1.5333443832891887,8.17999999999987,469.0,0.11885992934090445,1.746637554699809,-0.17377905706468666,1
1.5335244367091176,8.17999999999987,470.0,0.11878958032810256,1.747077655789288,-0.1731134769607492,1
1.533702545702931,8.17999999999987,471.0,0.11871966435926834,1.7475179497860451,-0.1724501910210361,1
1.5338787236284839,8.17999999999987,472.0,0.11865017819179158,1.7479584316025,-0.17178918590051206,1
1.5340529837309902,8.17999999999987,473.0,0.11858111861634718,1.748399096192424,-0.1711304483886229,1
1.5342253391517533,8.16999999999987,474.0,0.11777632924515372,1.7488399385541367,-0.16344351853428152,1
1.5343958029308773,8.16999999999987,475.0,0.11770857003781175,1.7492809537309308,-0.16279005813036362,1
1.5345643880044828,8.16999999999987,476.0,0.11764122486556804,1.7497221368089388,-0.16213881763489346,1
1.5347311072082197,8.16999999999987,477.0,0.1175742906660233,1.75016348291797,-0.1614897843717522,1
1.534895973275556,8.16999999999987,478.0,0.11750776440675714,1.7506049872298688,-0.16084294578197622,1
1.5350589988391776,8.16999999999987,479.0,0.11744164308490022,1.751046644958377,-0.16019828942159275,1
1.5352201964395302,8.16999999999987,480.0,0.11737592372489766,1.7514884513623474,-0.15955580294721727,1
1.535379578511364,8.16999999999987,481.0,0.11731060338175354,1.751930401738615,-0.15891547413940033,1
1.535537157397347,8.16999999999987,482.0,0.11724567913756183,1.7523724914276342,-0.1582772908795056,1
1.5356929453412034,8.15999999999987,483.0,0.11645427479030952,1.7528147158094443,-0.15063468596603347,1
1.5358469544925522,8.15999999999987,484.0,0.11639055987341451,1.7532570703052048,-0.15000146048137264,1
1.5359991969083873,8.15999999999987,485.0,0.11632722959019312,1.7536995503771176,-0.14937033664111143,1
1.5361496845504656,8.15999999999987,486.0,0.11626428115464983,1.7541421515264493,-0.14874130281344877,1
1.5362984292891584,8.15999999999987,487.0,0.11620171180701844,1.7545848692946018,-0.14811434746698304,1
1.5364454429006835,8.15999999999987,488.0,0.11613951881411332,1.7550276992610379,-0.1474894591757332,1
1.5365907370697809,8.15999999999987,489.0,0.11607769946863042,1.755470637043831,-0.14686662661480554,1
1.5367343233970954,8.15999999999987,490.0,0.11601625108742565,1.755913678302474,-0.1462458385479839,1
1.5368762133889484,8.15999999999987,491.0,0.11595517101381345,1.7563568187322478,-0.1456270838455722,1
1.537016418463868,8.14999999999987,492.0,0.11517651285150472,1.756800054066632,-0.13802696651905322,1
1.5371549499533101,8.14999999999987,493.0,0.1151165586989606,1.7572433800769618,-0.13741287489436194,1
1.5372918191017704,8.14999999999987,494.0,0.11505696236652554,1.7576867925717472,-0.13680077615209885,1
1.5374270370673726,8.14999999999987,495.0,0.11499772131477325,1.758130287396287,-0.1361906595961042,1
1.5375606149250147,8.14999999999987,496.0,0.11493883302759479,1.758573860433482,-0.13558251461857096,1
1.5376925636586423,8.14999999999987,497.0,0.11488029501357862,1.7590175075994081,-0.1349763307135805,1
1.5378228941781316,8.14999999999987,498.0,0.11482210480203149,1.7594612248508374,-0.1343720974483813,1
1.5379516173021663,8.14999999999987,499.0,0.11476425994707573,1.7599050081762382,-0.13376980449309106,1
1.5380787437683716,8.14999999999987,500.0,0.11470675802502395,1.76034885360003,-0.13316944160356337,1
1.5382042842395656,8.14999999999987,501.0,0.11464959663285505,1.760792757184998,-0.13257099861090427,1
1.5383282492886077,8.139999999999871,502.0,0.11388380304174982,1.761236715024209,-0.12501413720714294,1
1.5384506494156638,8.139999999999871,503.0,0.1138276838202772,1.7616807232488312,-0.12442005764675179,1
1.5385714950351435,8.139999999999871,504.0,0.11377189560285085,1.7621247780210703,-0.1238278609012573,1
1.538690796485335,8.139999999999871,505.0,0.11371643609206035,1.7625688755382696,-0.12323753719921982,1
1.5388085640302527,8.139999999999871,506.0,0.11366130301058429,1.7630130120331957,-0.12264907684451676,1
1.5389248078515978,8.139999999999871,507.0,0.11360649410288956,1.763457183769438,-0.12206247023045713,1
1.5390395380565298,8.139999999999871,508.0,0.11355200713334238,1.7639013870446312,-0.1214777078266922,1
1.5391527646754402,8.139999999999871,509.0,0.11349783988666534,1.7643456181887305,-0.12089478018333955,1
1.539264497664188,8.139999999999871,510.0,0.11344399016735957,1.7647898735645196,-0.12031367792740855,1
1.539374746905688,8.129999999999871,511.0,0.11268975823510564,1.765234149567803,-0.11279586422926058,1
1.5394835222026053,8.129999999999871,512.0,0.11263688091105348,1.7656784426231262,-0.11221887519543272,1
1.539590833293205,8.129999999999871,513.0,0.11258431236807644,1.7661227491911486,-0.11164367722116686,1
1.5396966898339346,8.129999999999871,514.0,0.11253205050564775,1.7665670657592916,-0.11107026129240904,1
1.539801101418625,8.129999999999871,515.0,0.11248009323975404,1.7670113888508159,-0.11049861845250253,1
1.539904077562314,8.129999999999871,516.0,0.11242843850664466,1.7674557150160983,-0.10992873983034523,1
1.540005627712571,8.129999999999871,517.0,0.11237708426000831,1.7679000408377612,-0.10936061662116026,1
1.540105761246855,8.129999999999871,518.0,0.11232602847182688,1.7683443629287663,-0.10879424009134109,1
1.540204487470155,8.129999999999871,519.0,0.11227526913248036,1.7687886779306663,-0.10822960158279327,1
1.5403018156232664,8.119999999999871,520.0,0.11153209546768159,1.769232982517216,-0.10074937880202972,1
1.5403977548738177,8.119999999999871,521.0,0.11148224427310134,1.7696772733892976,-0.10018862144866292,1
1.5404923143254208,8.119999999999871,522.0,0.11143268148523133,1.7701215472789849,-0.09962957029462793,1
1.540585503013757,8.119999999999871,523.0,0.11138340517825214,1.7705658009470362,-0.09907221699411783,1
1.5406773299066538,8.119999999999871,524.0,0.11133441344352868,1.7710100311823742,-0.09851655326995234,1
1.5407678039040433,8.119999999999871,525.0,0.11128570438960578,1.7714542348015339,-0.09796257091392335,1
1.5408569338459661,8.119999999999871,526.0,0.11123727614012126,1.7718984086522152,-0.09741026177328549,1
1.5409447285046802,8.119999999999871,527.0,0.1111891268357792,1.7723425496087357,-0.09685961776463392,1
1.5410311965860621,8.119999999999871,528.0,0.11114125463370803,1.7727866545722175,-0.09631063087177538,1
1.5411163467360114,8.109999999999872,529.0,0.11040867152029045,1.7732307204733477,-0.08886664322713811,1
1.5412001875343146,8.109999999999872,530.0,0.11036164821184466,1.7736747442687235,-0.08832132192949493,1
1.5412827274988525,8.109999999999872,531.0,0.11031489459962372,1.774118722942507,-0.08777762820244339,1
1.5413639750874133,8.109999999999872,532.0,0.11026840891618055,1.7745626535068604,-0.087235554311059,1
1.5414439386914358,8.109999999999872,533.0,0.11022218941040295,1.7750065329981985,-0.08669509258865649,1
1.5415226266485287,8.109999999999872,534.0,0.11017623434447409,1.775450358483195,-0.08615623541544348,1
1.5416000472260116,8.109999999999872,535.0,0.11013054199755111,1.775894127049744,-0.08561897524722761,1
1.541676208642606,8.109999999999872,536.0,0.11008511066109512,1.7763378358177375,-0.08508330457822977,1
1.5417511190464597,8.109999999999872,537.0,0.11003993864326986,1.7767814819271595,-0.0845492159793253,1
1.541824786533814,8.109999999999872,538.0,0.10999502426538524,1.7772250625473203,-0.08401670206606404,1
1.5418972191415021,8.099999999999872,539.0,0.10927313299337962,1.7776685748724883,-0.07660957652761424,1
1.5419684248455556,8.099999999999872,540.0,0.10922900763763174,1.778112016120673,-0.07608050759785479,1
1.5420384115682753,8.099999999999872,541.0,0.10918513314528383,1.7785553835368706,-0.0755529860794939,1
1.5421071871682444,8.099999999999872,542.0,0.10914150790707518,1.7789986743873545,-0.07502700485794556,1
1.5421747594562774,8.099999999999872,543.0,0.10909813032535086,1.7794418859675971,-0.07450255685721952,1
1.5422411361822543,8.099999999999872,544.0,0.10905499881687854,1.7798850155949046,-0.07397963506293426,1
1.542306325037217,8.099999999999872,545.0,0.10901211181246348,1.7803280606090484,-0.07345823251898564,1
1.542370333666073,8.099999999999872,546.0,0.10896946775396586,1.7807710183785306,-0.07293834230583207,1
1.5424331696483575,8.099999999999872,547.0,0.10892706509866759,1.7812138862899798,-0.0724199575740494,1
1.5424948405190508,8.089999999999872,548.0,0.108214889131358,1.7816566617587242,-0.06504650732477568,1
1.542555353753861,8.089999999999872,549.0,0.10817322528127185,1.7820993422205604,-0.06453138214825005,1
1.5426147167738122,8.089999999999872,550.0,0.10813179657467492,1.7825419251337453,-0.06401773704737757,1
1.542672936952067,8.089999999999872,551.0,0.10809060152884406,1.7829844079821997,-0.06350556539443608,1
1.542730021606636,8.089999999999872,552.0,0.10804963867385779,1.783426788271224,-0.06299486061517778,1
1.542785978003989,8.089999999999872,553.0,0.10800890655172152,1.7838690635289622,-0.06248561618288173,1
1.5428408133554994,8.089999999999872,554.0,0.10796840371738836,1.7843112313041283,-0.061977825624730976,1
1.5428945348292407,8.089999999999872,555.0,0.10792812873580573,1.7847532891718592,-0.06147148250168821,1
1.5429471495339586,8.089999999999872,556.0,0.10788808018555861,1.7851952347247593,-0.06096658043648362,1
1.542998664533762,8.079999999999872,557.0,0.10718524341366202,1.785637065580348,-0.053625711979703894,1
1.5430490868429798,8.079999999999872,558.0,0.10714588716108168,1.786078779377905,-0.05312389648007332,1
1.543098423419378,8.079999999999872,559.0,0.10710675154994526,1.7865203737744155,-0.05262349834042346,1
1.5431466811816716,8.079999999999872,560.0,0.10706783521297804,1.7869618464536061,-0.05212451138285146,1
1.5431938669933005,8.079999999999872,561.0,0.10702913679545017,1.7874031951168157,-0.05162692948524028,1
1.5432399876709137,8.079999999999872,562.0,0.10699065495320748,1.7878444174871644,-0.051130746566840024,1
1.5432850499840196,8.079999999999872,563.0,0.10695238835292818,1.788285511308991,-0.050635956589117015,1
1.5433290606541767,8.079999999999872,564.0,0.10691433567203683,1.78872647434704,-0.05014255355739983,1
1.5433720263558646,8.079999999999872,565.0,0.10687649559863166,1.78916730438653,-0.049650531519644714,1
1.5434139537181588,8.069999999999872,566.0,0.10618264644789104,1.7896079992337113,-0.042341221990267686,1
1.5434548493179518,8.069999999999872,567.0,0.10614545554594933,1.7900485567117825,-0.04185212492438439,1
1.5434947196946993,8.069999999999872,568.0,0.10610847188797275,1.790488974668573,-0.04136438670830933,1
1.5435335713384633,8.069999999999872,569.0,0.10607169421295878,1.7909292509696308,-0.040878001585554546,1
1.5435714106915706,8.069999999999872,570.0,0.10603512127051208,1.7913693834987894,-0.040392963844382956,1
1.5436082441556505,8.069999999999872,571.0,0.10599875181925854,1.7918093701616418,-0.03990926780586568,1
1.543644078086726,8.069999999999872,572.0,0.10596258462787733,1.7922492088824877,-0.03942690783264391,1
1.5436789187923168,8.069999999999872,573.0,0.10592661847589334,1.7926888976024005,-0.038945878334190054,1
1.5437127725430164,8.069999999999872,574.0,0.10589085215087778,1.7931284342852185,-0.03846617374696626,1
1.5437456455641723,8.069999999999872,575.0,0.10585528445041124,1.7935678169126479,-0.037987788549086465,1
1.5437775440318815,8.059999999999873,576.0,0.1051705043470156,1.7940070434816746,-0.030710534518658905,1
1.5438084740881934,8.059999999999873,577.0,0.10513554200519355,1.7944461120126294,-0.03023490794414596,1
1.5438384418282385,8.059999999999873,578.0,0.10510077335095971,1.794885020541728,-0.029760580186591223,1
1.543867453306317,8.059999999999873,579.0,0.10506619722791478,1.7953237671241133,-0.029287545903060153,1
1.5438955145336093,8.059999999999873,580.0,0.10503181248915626,1.7957623498322326,-0.028815799789585483,1
1.543922631481539,8.059999999999873,581.0,0.10499761799634966,1.7962007667573812,-0.028345336575543945,1
1.54394881007979,8.059999999999873,582.0,0.10496361262013372,1.796639016008276,-0.027876151027333096,1
1.5439740562176845,8.059999999999873,583.0,0.10492979523993626,1.7970770957114799,-0.02740823794622238,1
1.5439983757439044,8.059999999999873,584.0,0.10489616474387019,1.7975150040109333,-0.02694159216905745,1
1.5440217744664406,8.049999999999873,585.0,0.10421970927728177,1.7979527390676007,-0.019693951778469554,1
1.5440442581555105,8.049999999999873,586.0,0.10418664718549434,1.798390299060793,-0.01922992401868351,1
1.5440658325407395,8.049999999999873,587.0,0.10415376739226223,1.7988276821862401,-0.01876714428250459,1
1.5440865033095892,8.049999999999873,588.0,0.10412106882819616,1.7992648866549388,-0.01830560757436217,1
1.5441062761170326,8.049999999999873,589.0,0.10408855043075972,1.7997019106982342,-0.01784530892105285,1
1.5441251565753826,8.049999999999873,590.0,0.10405621114660404,1.8001387525618218,-0.017386243389627687,1
1.5441431502589498,8.049999999999873,591.0,0.10402404993028487,1.8005754105080491,-0.01692840607952628,1
1.5441602627060658,8.049999999999873,592.0,0.10399206574396894,1.8010118828167523,-0.016471792119276296,1
1.5441764994147986,8.049999999999873,593.0,0.10396025755838119,1.8014481677825351,-0.01601639667417465,1
1.5441918658480664,8.039999999999873,594.0,0.10329183902320623,1.8018842637173635,-0.008797532766056548,1
1.544206367431453,8.039999999999873,595.0,0.10326056484977293,1.8023201689490362,-0.008344623490357028,1
1.5442200095534424,8.039999999999873,596.0,0.10322946241312059,1.8027558818210132,-0.007892914639939352,1
1.5442327975675123,8.039999999999873,597.0,0.10319853072165389,1.8031914006933216,-0.007442401524327291,1
1.5442447367851833,8.039999999999873,598.0,0.1031677687923866,1.8036267239383112,-0.006993079493670784,1
1.544255832492248,8.039999999999873,599.0,0.10313717564764951,1.8040618499495933,-0.0065449439107090335,1
1.5442660899288478,8.039999999999873,600.0,0.103106750319298,1.804496777130428,-0.006097990185668811,1
1.5442755143055424,8.039999999999873,601.0,0.10307649184526292,1.8049315039025786,-0.005652213748500445,1
1.5442841107991292,8.039999999999873,602.0,0.10304639927045815,1.805366028703666,-0.005207610056354284,1
1.5442918845469862,8.039999999999873,603.0,0.1030164716478997,1.805800349983657,-0.004764174603657079,1
1.5442988406546578,8.029999999999873,604.0,0.10235615670992258,1.8062344662089118,0.0024255051766173263,1
1.5443049841932912,8.029999999999873,605.0,0.10232672803559544,1.8066683758604591,0.0028665907229221688,1
1.5443103202002038,8.029999999999873,606.0,0.102297460372067,1.8071020774340436,0.0033065249161221555,1
1.5443148536785338,8.029999999999873,607.0,0.1022683528065976,1.8075355694396467,0.0037453121295190073,1
1.5443185895970355,8.029999999999873,608.0,0.10223940443347738,1.8079688504011187,0.00418295670704838,1
1.5443215328943667,8.029999999999873,609.0,0.10221061435296572,1.808401918858384,0.004619462970556709,1
1.544323688473785,8.029999999999873,610.0,0.10218198167261415,1.8088347733640886,0.0050548352103128025,1
1.5443250612059283,8.029999999999873,611.0,0.10215350550652652,1.8092674124849915,0.005489077689707189,1
1.5443256559307232,8.029999999999873,612.0,0.10212518497498119,1.8096998348027697,0.005922194648344314,1
1.5443254774544313,8.019999999999873,613.0,0.10147236170626989,1.8101320389120836,0.013084697702889558,1
1.544324530551947,8.019999999999873,614.0,0.10144451044117447,1.8105640234216194,0.013515580352966516,1
1.544322819966649,8.019999999999873,615.0,0.10141681113729628,1.8109957869537896,0.013945353365663049,1
1.5443203504104785,8.019999999999873,616.0,0.10138926294686015,1.811427328144493,0.014374020854038161,1
1.5443171265634934,8.019999999999873,617.0,0.10136186502843884,1.8118586456426309,0.014801586904505504,1
1.5443131530764387,8.019999999999873,618.0,0.10133461654639692,1.8122897381113472,0.015228055581120392,1
1.544308434567395,8.019999999999873,619.0,0.10130751667159059,1.8127206042258333,0.015653430919533973,1
1.5443029756258826,8.019999999999873,620.0,0.1012805645805969,1.8131512426754746,0.016077716933967867,1
1.5442967808094992,8.019999999999873,621.0,0.10125375945621272,1.8135816521616597,0.016500917611161237,1
1.5442898546487474,8.009999999999874,622.0,0.10060818963593354,1.8140118314003457,0.023636935796560454,1
1.5442822016380755,8.009999999999874,623.0,0.10058182606515839,1.814441779116591,0.024058010938759145,1
1.5442738262519817,8.009999999999874,624.0,0.10055560603292842,1.8148714940537618,0.024478015709857415,1
1.5442647329250723,8.009999999999874,625.0,0.10052952875210154,1.8153009749615745,0.0248969539737518,1
1.5442549260714848,8.009999999999874,626.0,0.10050359343940235,1.8157302206073116,0.025314829586083,1
1.544244410072894,8.009999999999874,627.0,0.100477799317945,1.8161592297685045,0.02573164637305969,1
1.5442331892813677,8.009999999999874,628.0,0.10045214561652942,1.816588001236393,0.026147408138271544,1
1.5442212680232552,8.009999999999874,629.0,0.10042663156922672,1.8170165338101625,0.02656211866147884,1
1.5442086505918748,8.009999999999874,630.0,0.1004012564162853,1.817444826303962,0.026975781697197165,1
1.5441953412595406,8.009999999999874,631.0,0.10037601940199889,1.8178728775461908,0.02738840098796702,1
1.5441813442669476,7.999999999999874,632.0,0.0997377558998594,1.8183006863748945,0.03449760685660852,1
1.544166663823029,7.999999999999874,633.0,0.09971293209348514,1.8187282516374312,0.03490821344383854,1
1.5441513041183348,7.999999999999874,634.0,0.09968824324569656,1.8191555721981976,0.035317790310097186,1
1.5441352693097194,7.999999999999874,635.0,0.09966368862850478,1.8195826469293368,0.03572634108287476,1
1.5441185635292192,7.999999999999874,636.0,0.09963926751851193,1.8200094747157782,0.03613386937211871,1
1.544101190881585,7.999999999999874,637.0,0.09961497919761156,1.8204360544535865,0.03654037876576943,1
1.544083155445142,7.999999999999874,638.0,0.09959082295273791,1.820862385050229,0.03694587283105899,1
1.5440644612722134,7.999999999999874,639.0,0.09956679807575385,1.821288465424651,0.037350355115112865,1
1.5440451123889671,7.999999999999874,640.0,0.09954290386344725,1.8217142945069569,0.03775382914448788,1
1.5440251127929836,7.989999999999874,641.0,0.09891144034128982,1.8221398712367594,0.04483787788015614,1
1.54400446646313,7.989999999999874,642.0,0.09888793526578292,1.8225651945688877,0.045239435242689474,1
1.5439831773420367,7.989999999999874,643.0,0.0988645578822421,1.8229902634626747,0.0456399975849362,1
1.5439612493580273,7.989999999999874,644.0,0.09884130751083292,1.8234150768949273,0.04603956834466394,1
1.5439386864041564,7.989999999999874,645.0,0.0988181834785701,1.823839633847126,0.04643815092238501,1
1.5439154923570644,7.989999999999874,646.0,0.09879518511536478,1.8242639333165636,0.04683574871423701,1
1.5438916710642845,7.989999999999874,647.0,0.09877231175666912,1.824687974308519,0.04723236508957296,1
1.5438672263495297,7.989999999999874,648.0,0.0987495627423415,1.8251117558392478,0.047628003400072005,1
1.5438421620083314,7.989999999999874,649.0,0.09872693741754772,1.8255352769331443,0.04802266697190971,1
1.543816481819461,7.989999999999874,650.0,0.09870443513058348,1.8259585366294575,0.04841635912565523,1
1.5437901895312316,7.979999999999874,651.0,0.09807981578604447,1.826381533973827,0.05547497288596848,1
1.5437632888710227,7.979999999999874,652.0,0.09805767796582064,1.826804268023839,0.05586684821819321,1
1.5437357835431236,7.979999999999874,653.0,0.09803566041821622,1.827226737847565,0.05625776457600895,1
1.5437076772221956,7.979999999999874,654.0,0.09801376251545306,1.827648942519369,0.056647725175278385,1
1.5436789735683218,7.979999999999874,655.0,0.09799198363224527,1.828070881128887,0.057036733229400616,1
1.5436496762128327,7.979999999999874,656.0,0.09797032314876891,1.828492552772232,0.057424791924280516,1
1.54361978876528,7.979999999999874,657.0,0.09794878044906229,1.8289139565560413,0.0578119044304064,1
1.543589314811928,7.979999999999874,658.0,0.09792735492154386,1.8293350915963809,0.058198073900046055,1
1.543558257917025,7.979999999999874,659.0,0.09790604595848432,1.8297559570213797,0.05858330347137075,1
1.5435266216218888,7.9699999999998745,660.0,0.09728782397332526,1.8301765519626894,0.06561793581807107,1
1.543494409445563,7.9699999999998745,661.0,0.0972668584879632,1.8305968755670288,0.06600143371514999,1
1.5434616248846418,7.9699999999998745,662.0,0.09724600697638418,1.8310169269885774,0.0663840034877663,1
1.54342827141352,7.9699999999998745,663.0,0.09722526885160085,1.8314367053907077,0.06676564818822395,1
1.5433943524854923,7.9699999999998745,664.0,0.09720464353060189,1.8318562099447004,0.06714637085184316,1
1.5433598715318861,7.9699999999998745,665.0,0.09718413043388432,1.8322754398364751,0.06752617450271803,1
1.5433248319584802,7.9699999999998745,666.0,0.09716372898710289,1.8326943942527678,0.06790506213582614,1
1.5432892371588645,7.9699999999998745,667.0,0.09714343861775676,1.8331130723970501,0.06828303674824387,1
1.54325309049559,7.9699999999998745,668.0,0.09712325875911511,1.8335314734757302,0.06866010130381683,1
1.543216395313189,7.9699999999998745,669.0,0.09710318884765277,1.8339495967059878,0.06903625875590302,1
1.5431791549394205,7.959999999999875,670.0,0.0964914003451873,1.8343674413163897,0.0760466777564528,1
1.5431413726779422,7.959999999999875,671.0,0.09647165235735382,1.8347850065422149,0.07642119227025113,1
1.5431030518096314,7.959999999999875,672.0,0.0964520119019837,1.8352022916260893,0.07679481077716521,1
1.543064195596375,7.959999999999875,673.0,0.09643247843416057,1.8356192958201778,0.07716753615494643,1
1.5430248072818742,7.959999999999875,674.0,0.09641305141226152,1.836036018386525,0.07753937126995925,1
1.5429848900883327,7.959999999999875,675.0,0.09639373029850054,1.8364524585948403,0.07791031897121559,1
1.5429444472168048,7.959999999999875,676.0,0.0963745145588115,1.836868615722581,0.07828038209086818,1
1.5429034818484226,7.959999999999875,677.0,0.09635540366267231,1.837284489055511,0.07864956344619167,1
1.5428619971463755,7.959999999999875,678.0,0.09633639708271928,1.8377000778888268,0.0790178658429801,1
1.542819996251168,7.959999999999875,679.0,0.09631749429565596,1.8381153815240212,0.07938529206702416,1
1.5427774822869635,7.949999999999875,680.0,0.09571194386709868,1.8385303992726985,0.08637208343351932,1
1.5427344583580418,7.949999999999875,681.0,0.09569334289228319,1.8389451304542115,0.08673795025316355,1
1.542690927546061,7.949999999999875,682.0,0.09567484345768985,1.8393595743938003,0.08710295136531965,1
1.5426468929172066,7.949999999999875,683.0,0.0956564450566731,1.8397737304269055,0.08746708949062842,1
1.5426023575162862,7.949999999999875,684.0,0.0956381471863263,1.8401875978953366,0.08783036733146687,1
1.542557324373573,7.949999999999875,685.0,0.09561994934617707,1.8406011761514136,0.0881927875838826,1
1.5425117964942499,7.949999999999875,686.0,0.09560185104032144,1.8410144645511952,0.08855435291884195,1
1.5424657768703263,7.949999999999875,687.0,0.09558385177497962,1.8414274624618128,0.08891506600311971,1
1.5424192684720746,7.949999999999875,688.0,0.09556595106021899,1.8418401692559558,0.08927492948407156,1
1.5423722742533237,7.949999999999875,689.0,0.095548148408974,1.8422525843150541,0.08963394599884489,1
1.5423247971490894,7.939999999999875,690.0,0.09494865177163929,1.8426647070276454,0.09659766116485002,1
1.5422768400767484,7.939999999999875,691.0,0.09493113214896094,1.8430765367899775,0.09695519700182786,1
1.5422284059323697,7.939999999999875,692.0,0.09491370848635797,1.84348807300355,0.09731189575244859,1
1.5421794976016197,7.939999999999875,693.0,0.09489638031177483,1.8438993150818581,0.09766775999558375,1
1.542130117942598,7.939999999999875,694.0,0.09487914715819509,1.8443102624394274,0.09802279227973587,1
1.542080269805727,7.939999999999875,695.0,0.09486200855957629,1.8447209145042411,0.09837699515799803,1
1.5420299560180415,7.939999999999875,696.0,0.09484496405404755,1.8451312707076644,0.09873037116019923,1
1.541979179390708,7.939999999999875,697.0,0.09482801318249631,1.845541330489078,0.099082922806071,1
1.5419279427170813,7.939999999999875,698.0,0.09481115548878961,1.845951093294514,0.09943465260169004,1
1.5418762487753317,7.929999999999875,699.0,0.09421736439467733,1.8463605585781797,0.10637640511851232,1
1.541824100324918,7.929999999999875,700.0,0.0942007736955662,1.8467697257982236,0.10672672160627861,1
1.541771500109031,7.929999999999875,701.0,0.09418427419543318,1.8471785944257582,0.10707622564076802,1
1.541718450853156,7.929999999999875,702.0,0.09416786545293174,1.8475871639322663,0.10742491966497925,1
1.5416649552692452,7.929999999999875,703.0,0.09415154702888005,1.8479954337999183,0.10777280611726048,1
1.5416110160471619,7.929999999999875,704.0,0.09413531848796604,1.8484034035140435,0.10811988741413137,1
1.5415566358670045,7.929999999999875,705.0,0.09411917939635234,1.8488110725708335,0.10846616597190994,1
1.5415018173893065,7.929999999999875,706.0,0.09410312932353154,1.8492184404709848,0.108811644189303,1
1.5414465632573637,7.929999999999875,707.0,0.09408716784202208,1.8496255067210503,0.109156324451396,1
1.5413908760996078,7.929999999999875,708.0,0.09407129452669882,1.8500322708348425,0.10950020913374381,1
1.5413347585317516,7.919999999999876,709.0,0.09348323036834258,1.8504387323346625,0.11641985068520788,1
1.541278213145323,7.919999999999876,710.0,0.09346760752233003,1.8508448907438768,0.1167623925669834,1
1.541221242525684,7.919999999999876,711.0,0.09345207099064658,1.8512507455982916,0.11710414776347688,1
1.5411638492367898,7.919999999999876,712.0,0.09343662036200354,1.8516562964363146,0.11744511859157858,1
1.5411060358303292,7.919999999999876,713.0,0.09342125522699914,1.8520615428046503,0.11778530736271975,1
1.5410478048383687,7.919999999999876,714.0,0.09340597517971916,1.8524664842534988,0.11812471636980626,1
1.5409891587831466,7.919999999999876,715.0,0.09339077981559185,1.8528711203427166,0.11846334790440816,1
1.5409301001649922,7.919999999999876,716.0,0.09337566873394974,1.8532754506339209,0.11880120423527796,1
1.5408706314770566,7.919999999999876,717.0,0.0933606415351178,1.853679474699876,0.1191382876343241,1
1.540810755191742,7.919999999999876,718.0,0.0933456978229426,1.8540831921156273,0.11947460035247937,1
1.5407504737691773,7.909999999999876,719.0,0.09276320432881519,1.8544866024638504,0.1263725958906503,1
1.5406897896531426,7.909999999999876,720.0,0.09274849561239566,1.8548897053321105,0.12670763244757333,1
1.5406287052757328,7.909999999999876,721.0,0.0927338686480626,1.8552925003157756,0.1270419067515891,1
1.540567223047876,7.909999999999876,722.0,0.09271932305267784,1.8556949870117472,0.12737542099689603,1
1.54050534537475,7.909999999999876,723.0,0.09270485844365114,1.8560971650283462,0.12770817738280438,1
1.5404430746412692,7.909999999999876,724.0,0.09269047444202733,1.8564990339758067,0.1280401780879572,1
1.5403804132207521,7.909999999999876,725.0,0.09267617067058187,1.8569005934717775,0.12837142528555967,1
1.5403173634694962,7.909999999999876,726.0,0.09266194675497282,1.8573018431376944,0.12870192113367418,1
1.5402539277335472,7.909999999999876,727.0,0.09264780232240198,1.8577027826030759,0.12903166778711772,1
1.5401901083423835,7.909999999999876,728.0,0.09263373700289958,1.8581034115012993,0.1293606673861576,1
1.5401259076118106,7.899999999999876,729.0,0.09205666620052204,1.858503729471397,0.13623745602562365,1
1.5400613278449318,7.899999999999876,730.0,0.09204282137683019,1.858903736158567,0.13656524250153845,1
1.539996371331486,7.899999999999876,731.0,0.09202905404017646,1.8593034312136465,0.13689228991562064,1
1.5399310403432527,7.899999999999876,732.0,0.0920153638325521,1.8597028142900127,0.13721860035492917,1
1.5398653371460098,7.899999999999876,733.0,0.09200175039668478,1.8601018850512696,0.13754417591025736,1
1.5397992639852403,7.899999999999876,734.0,0.09198821337873926,1.8605006431618352,0.13786901865074008,1
1.5397328230975043,7.899999999999876,735.0,0.09197475242622428,1.8608990882942626,0.1381931306438997,1
1.5396660167036684,7.899999999999876,736.0,0.09196136718921123,1.8612972201246987,0.13851651394353648,1
1.539598847013139,7.899999999999876,737.0,0.09194805731962459,1.8616950383355793,0.13883917059716544,1
1.5395313162215338,7.899999999999876,738.0,0.09193482247158792,1.8620925426139838,0.1391611026417714,1
1.539463426509484,7.889999999999876,739.0,0.0913630341117346,1.8624897326507743,0.14601709938804208,1
1.5393951800484438,7.889999999999876,740.0,0.09135000616134692,1.8628866081442756,0.14633787799348585,1
1.539326578994685,7.889999999999876,741.0,0.09133705170706947,1.8632831687962716,0.1466579395754839,1
1.5392576254930512,7.889999999999876,742.0,0.09132417041346186,1.8636794143143671,0.1469772861270986,1
1.5391883216748612,7.889999999999876,743.0,0.09131136194732675,1.8640753444104936,0.14729591963092203,1
1.5391186696588834,7.889999999999876,744.0,0.09129862597739628,1.8644709588014805,0.14761384206073536,1
1.5390486715517195,7.889999999999876,745.0,0.09128596217436363,1.8648662572092005,0.14793105538208717,1
1.5389783294476047,7.889999999999876,746.0,0.0912733702108449,1.8652612393603516,0.1482475615518586,1
1.5389076454284574,7.889999999999876,747.0,0.09126084976145667,1.8656559049863928,0.14856336251825697,1
1.5388366215639686,7.889999999999876,748.0,0.0912484005026788,1.8660502538235109,0.1488784602208868,1
1.5387652599116783,7.889999999999876,749.0,0.0912360221130043,1.8664442856125871,0.14919285659080583,1
1.5386935625172862,7.879999999999876,750.0,0.09066950640692409,1.8668380000993048,0.1560280583937632,1
1.5386215314141976,7.879999999999876,751.0,0.09065732104128044,1.8672313970337622,0.15634136316470926,1
1.5385491686236323,7.879999999999876,752.0,0.09064520511985512,1.8676244761704563,0.15665397377967794,1
1.5384764761565628,7.879999999999876,753.0,0.09063315833059832,1.868017237269468,0.15696589213014622,1
1.5384034560098343,7.879999999999876,754.0,0.09062118036374085,1.8684096800938248,0.15727712009516703,1
1.5383301101712379,7.879999999999876,755.0,0.09060927091082488,1.8688018044127561,0.157587659550269,1
1.5382564406154517,7.879999999999876,756.0,0.09059742966548275,1.8691936099989248,0.15789751236017846,1
1.5381824493045892,7.879999999999876,757.0,0.0905856563234208,1.8695850966287002,0.1582066803797033,1
1.538108138191456,7.879999999999876,758.0,0.09057395058162478,1.8699762640842408,0.15851516545944366,1
1.5380335092148965,7.879999999999876,759.0,0.09056231213943403,1.8703671121503127,0.1588229694374339,1
1.537958564307571,7.869999999999877,760.0,0.09000081105919261,1.8707576406193744,0.16563817670030345,1
1.5378833053863188,7.869999999999877,761.0,0.08998935372015457,1.8711478492850964,0.16594494246043512,1
1.5378077343573777,7.869999999999877,762.0,0.08997796234096352,1.871537737945738,0.16625103394972496,1
1.5377318531186124,7.869999999999877,763.0,0.08996663662918795,1.8719273064055564,0.16655645297393984,1
1.5376556635510625,7.869999999999877,764.0,0.08995537629525607,1.8723165544690794,0.16686120132083881,1
1.5375791675326655,7.869999999999877,765.0,0.08994418104971742,1.8727054819501987,0.16716528078448722,1
1.5375023669253545,7.869999999999877,766.0,0.08993305060581754,1.8730940886634597,0.16746869314224,1
1.5374252635812369,7.869999999999877,767.0,0.0899219846782921,1.8734823744281164,0.1677714401656505,1
1.5373478593430159,7.869999999999877,768.0,0.08991098298328112,1.8738703390683336,0.1680735236211448,1
1.5372701560403297,7.869999999999877,769.0,0.08990004523893709,1.8742579824106556,0.16837494526342822,1
1.5371921554948806,7.859999999999877,770.0,0.08934343920202782,1.8746453042873672,0.17517050797029654,1
1.5371138595168106,7.859999999999877,771.0,0.089332671357131,1.875032304533983,0.17547094205881097,1
1.5370352699060545,7.859999999999877,772.0,0.08932196620243711,1.8754189829900827,0.1757707208395758,1
1.5369563884494772,7.859999999999877,773.0,0.08931132346463343,1.8758053394973038,0.17606984602937303,1
1.53687721693,7.859999999999877,774.0,0.08930074287081995,1.8761913739053997,0.17636831934914965,1
1.5367977571132982,7.859999999999877,775.0,0.08929022415099866,1.8765770860632318,0.17666614250030221,1
1.5367180107590284,7.859999999999877,776.0,0.08927976703585253,1.8769624758262355,0.17696331718455793,1
1.5366379796143204,7.859999999999877,777.0,0.0892693712581366,1.877347543051965,0.17725984509232573,1
1.5365576654205568,7.859999999999877,778.0,0.08925903655131785,1.877732287604597,0.17755572791470042,1
1.5364770699055623,7.859999999999877,779.0,0.08924876265100927,1.8781167093495756,0.17785096732946837,1
1.5363961947865792,7.859999999999877,780.0,0.08923854929445495,1.8785008081555654,0.1781455650063517,1
1.5363150417737756,7.849999999999877,781.0,0.0886868233554224,1.8788845838967325,0.18492151712712146,1
1.5362336125652931,7.849999999999877,782.0,0.08867676843736044,1.8792680364493346,0.18521517990387326,1
1.5361519088506184,7.849999999999877,783.0,0.08866677288257988,1.8796511656939205,0.18550820711464522,1
1.5360699323100382,7.849999999999877,784.0,0.08865683643562287,1.880033971514901,0.18580060039901425,1
1.5359876846137202,7.849999999999877,785.0,0.08864695884260304,1.8804164537998591,0.18609236138900642,1
1.5359051674232258,7.849999999999877,786.0,0.08863713985086395,1.8807986124404827,0.18638349171169866,1
1.5358223823868353,7.849999999999877,787.0,0.08862737920990975,1.8811804473293545,0.18667399298085074,1
1.5357393311487209,7.849999999999877,788.0,0.08861767666960321,1.8815619583660885,0.18696386681316346,1
1.535656015338872,7.849999999999877,789.0,0.08860803198225217,1.8819431454504207,0.18725311481025497,1
1.5355724365840429,7.849999999999877,790.0,0.08859844490026747,1.8823240084895843,0.1875417385781164,1
1.535488596497101,7.839999999999877,791.0,0.08805138494097473,1.8827045473910116,0.1942987205295894,1
1.5354044966791651,7.839999999999877,792.0,0.08804194643340668,1.883084762063705,0.19458645493213367,1
1.5353201387320108,7.839999999999877,793.0,0.08803256441859274,1.8834646524266139,0.19487357099516212,1
1.535235524237543,7.839999999999877,794.0,0.08802323865764483,1.8838442183946036,0.1951600702782934,1
1.5351506547747087,7.839999999999877,795.0,0.08801396891192359,1.884223459889895,0.19544595434569878,1
1.5350655319116695,7.839999999999877,796.0,0.08800475494445467,1.884602376836686,0.19573122475211724,1
1.5349801572111959,7.839999999999877,797.0,0.08799559651896434,1.8849809691647486,0.1960158830523877,1
1.5348945322203498,7.839999999999877,798.0,0.08798649340172025,1.885359236802323,0.19629993078299024,1
1.5348086584848966,7.839999999999877,799.0,0.08797744535889145,1.8857371796858995,0.1965833694876853,1
1.5347225375344296,7.839999999999877,800.0,0.08796845215938626,1.8861147977500023,0.19686620069093141,1
1.5346361708976344,7.839999999999877,801.0,0.08795951357189767,1.8864920909375504,0.19714842592504178,1
1.5345495600895414,7.8299999999998775,802.0,0.08741710144446994,1.8868690591910646,0.20388649453382435,1
1.5344627066189171,7.8299999999998775,803.0,0.08740830132263491,1.887245702457695,0.2041678778269731,1
1.5343756119823382,7.8299999999998775,804.0,0.08739955476960282,1.8876220206850716,0.20444866074322654,1
1.5342882776721178,7.8299999999998775,805.0,0.08739086156108025,1.887998013826684,0.204728844781354,1
1.5342007051715734,7.8299999999998775,806.0,0.08738222147411019,1.888373681838583,0.20500843143328118,1
1.5341128959539618,7.8299999999998775,807.0,0.08737363428731454,1.8887490246785896,0.20528742218213303,1
1.534024851485833,7.8299999999998775,808.0,0.0873650997802111,1.8891240423085203,0.20556581850813638,1
1.5339365732239056,7.8299999999998775,809.0,0.08735661773376802,1.8894987346920056,0.20584362188301153,1
1.5338480626185405,7.8299999999998775,810.0,0.08734818792988401,1.8898731017967998,0.2061208337760918,1
1.5337593211106522,7.8299999999998775,811.0,0.0873398101518851,1.8902471435926047,0.2063974556487589,1
1.533670350133984,7.819999999999878,812.0,0.08680185694721762,1.890620860052584,0.21311715812104182,1
1.5335811511132782,7.819999999999878,813.0,0.08679360892688717,1.8909942511520288,0.21339297910668242,1
1.5334917254664397,7.819999999999878,814.0,0.08678541194713786,1.8913673168698126,0.21366821542219538,1
1.533402074601574,7.819999999999878,815.0,0.08677726579758178,1.891740057186268,0.21394286849987587,1
1.533312199921377,7.819999999999878,816.0,0.08676917026842139,1.8921124720861795,0.2142169397710234,1
1.533222102819751,7.819999999999878,817.0,0.08676112515126201,1.8924845615563752,0.21449043065982965,1
1.5331317846817971,7.819999999999878,818.0,0.08675313023894754,1.8928563255856838,0.2147633425833282,1
1.533041246886338,7.819999999999878,819.0,0.08674518532525217,1.8932277641666093,0.21503567695582793,1
1.5329504908038292,7.819999999999878,820.0,0.08673729020512123,1.8935988772938197,0.21530743518511675,1
1.5328595177968054,7.819999999999878,821.0,0.08672944467465951,1.8939696649644384,0.21557861867324024,1
1.532768329221143,7.819999999999878,822.0,0.0867216485309583,1.894340127178826,0.21584922881866309,1
1.532676926424362,7.809999999999878,823.0,0.08618813314714395,1.8947102639393705,0.2225506431363551,1
1.5325853107470213,7.809999999999878,824.0,0.08618045782289757,1.895080075251393,0.2228204952257442,1
1.5324934835200381,7.809999999999878,825.0,0.08617283095985424,1.8954495611212374,0.22308977906427097,1
1.532401446072078,7.809999999999878,826.0,0.08616525236018201,1.8958187215613487,0.22335849602933466,1
1.532309199720463,7.809999999999878,827.0,0.08615772182785701,1.8961875565839106,0.2236266474861679,1
1.532216745773231,7.809999999999878,828.0,0.0861502391683336,1.8965560662022027,0.22389423479143944,1
1.5321240855372096,7.809999999999878,829.0,0.08614280418693765,1.8969242504361934,0.2241612593076594,1
1.5320312203074353,7.809999999999878,830.0,0.08613541669086436,1.8972921093051056,0.22442772238419506,1
1.5319381513734405,7.809999999999878,831.0,0.08612807648805917,1.897659642831754,0.2246936253684686,1
1.5318448800164812,7.809999999999878,832.0,0.08612078338765054,1.8980268510405467,0.22495896960093376,1
1.531751407512551,7.809999999999878,833.0,0.0861135371994698,1.898393733959552,0.2252237564204307,1
1.531657735129532,7.799999999999878,834.0,0.08558435911649574,1.8987602916184678,0.2319071833616042,1
1.5315638641286227,7.799999999999878,835.0,0.08557722535629039,1.8991265240495387,0.23217125278576067,1
1.531469795761149,7.799999999999878,836.0,0.08557013763775013,1.8994924312853068,0.2324347696502307,1
1.5313755312778474,7.799999999999878,837.0,0.08556309577551861,1.8998580133650405,0.2326977352744326,1
1.5312810719171837,7.799999999999878,838.0,0.08555609958610524,1.9002232703265158,0.23296015096340716,1
1.5311864189125217,7.799999999999878,839.0,0.08554914888674758,1.9005882022109835,0.2332220180205875,1
1.5310915734914523,7.799999999999878,840.0,0.08554224349535629,1.9009528090626637,0.23348333774656327,1
1.5309965368723386,7.799999999999878,841.0,0.08553538323135186,1.9013170909262496,0.23374411143282003,1
1.5309013102707243,7.799999999999878,842.0,0.08552856791430252,1.9016810478513946,0.23400434037320483,1
1.5308058948892638,7.799999999999878,843.0,0.08552179736593077,1.9020446798855515,0.23426402584579686,1
1.5307102919319568,7.799999999999878,844.0,0.08551507140739684,1.9024079870839623,0.23452316913840132,1
1.5306145025891613,7.789999999999878,845.0,0.08499013501370621,1.9027709694990578,0.2411888933068298,1
1.5305185280506355,7.789999999999878,846.0,0.08498351360009188,1.9031336271895891,0.24144735783010263,1
1.5304223694931207,7.789999999999878,847.0,0.08497693595700333,1.903495960211843,0.24170528480217812,1
1.530326028092656,7.789999999999878,848.0,0.08497040191078598,1.903857968628265,0.24196267548485628,1
1.5302295050165418,7.789999999999878,849.0,0.08496391128914844,1.9042196525017618,0.24221953113137906,1
1.5301328014250588,7.789999999999878,850.0,0.08495746392078228,1.9045810118968525,0.24247585298944552,1
1.530035918473749,7.789999999999878,851.0,0.08495105963496305,1.9049420468812532,0.24273164230527233,1
1.5299388573110295,7.789999999999878,852.0,0.08494469826201498,1.9053027575241226,0.2429869003192462,1
1.529841619077317,7.789999999999878,853.0,0.08493837963346004,1.905663143895426,0.24324162826433637,1
1.529744204911784,7.789999999999878,854.0,0.08493210358075179,1.906023206070648,0.24349582737814646,1
1.5296466159400983,7.789999999999878,855.0,0.08492586993759776,1.906382944122086,0.24374949888088304,1
1.5295488532886599,7.779999999999879,856.0,0.08440508421081898,1.9067423581288816,0.2503977897263918,1
1.529450918074495,7.779999999999879,857.0,0.08439894770251909,1.9071014481698205,0.25065081918171805,1
1.5293528114082753,7.779999999999879,858.0,0.08439285283089074,1.9074602143254316,0.25090332545553107,1
1.5292545343953694,7.779999999999879,859.0,0.08438679943333596,1.9078186566786821,0.2511553097541639,1
1.5291560881353021,7.779999999999879,860.0,0.08438078734812289,1.9081767753145649,0.2514067732801071,1
1.5290574737205473,7.779999999999879,861.0,0.0843748164144598,1.9085345703191772,0.25165771722977714,1
1.528958692241373,7.779999999999879,862.0,0.08436888647179357,1.90889204178316,0.25190814280220764,1
1.5288597447761234,7.779999999999879,863.0,0.08436299736137208,1.9092491897947104,0.25215805118152623,1
1.5287606324005958,7.779999999999879,864.0,0.08435714892473327,1.9096060144462272,0.2524074435537622,1
1.5286613561872693,7.779999999999879,865.0,0.08435134100375606,1.9099625158337186,0.2526563211054167,1
1.5285619171972675,7.779999999999879,866.0,0.08434557344206628,1.9103186940510444,0.25290468500899244,1
1.5284623164908036,7.769999999999879,867.0,0.08382885165622746,1.9106745491973067,0.2595357977574235,1
1.5283625551197684,7.769999999999879,868.0,0.08382317426032557,1.9110300813715373,0.25978355454481195,1
1.5282626341308918,7.769999999999879,869.0,0.08381753649514076,1.911385290674907,0.26003080191666905,1
1.5281625545660718,7.769999999999879,870.0,0.08381193820781167,1.9117401772109215,0.26027754103204126,1
1.5280623174603145,7.769999999999879,871.0,0.08380637924655618,1.9120947410839109,0.2605237730438066,1
1.527961923841779,7.769999999999879,872.0,0.08380085946058115,1.912448982399026,0.26076949909871616,1
1.5278613747380587,7.769999999999879,873.0,0.08379537869892068,1.9128029012666843,0.26101472034862905,1
1.5277606711672305,7.769999999999879,874.0,0.08378993681209954,1.9131564977961397,0.261259437934406,1
1.5276598141402475,7.769999999999879,875.0,0.08378453365170654,1.91350977209715,0.2615036529901593,1
1.5275588046684676,7.769999999999879,876.0,0.08377916906898829,1.9138627242853212,0.2617473666567378,1
1.5274576437524672,7.769999999999879,877.0,0.08377384291690672,1.914215354474077,0.2619905800615978,1
1.5273563323897934,7.759999999999879,878.0,0.08326110237044769,1.914567662780166,0.2686047565886098,1
1.5272548715722998,7.759999999999879,879.0,0.08325585982616222,1.914919649321704,0.26884739612780084,1
1.5271532622877166,7.759999999999879,880.0,0.08325065502486584,1.9152713142192788,0.2690895394546535,1
1.5270515055140668,7.759999999999879,881.0,0.08324548782362899,1.9156226575919109,0.26933118767578845,1
1.5269496022289657,7.759999999999879,882.0,0.08324035807938038,1.9159736795636748,0.2695723419028846,1
1.5268475534040504,7.759999999999879,883.0,0.08323526564985373,1.9163243802596723,0.26981300324264623,1
1.5267453600051146,7.759999999999879,884.0,0.08323021039362734,1.9166747598060963,0.27005317279701013,1
1.5266430229886003,7.759999999999879,885.0,0.08322519217071438,1.9170248183276664,0.27029285165679595,1
1.5265405433137411,7.759999999999879,886.0,0.08322021084042236,1.9173745559563362,0.2705320409235086,1
1.5264379219285549,7.759999999999879,887.0,0.08321526626380647,1.9177239728211684,0.2707707416841032,1
1.5263351597802044,7.759999999999879,888.0,0.0832103583018923,1.9180730690557752,0.27100895502960154,1
1.526232257804134,7.759999999999879,889.0,0.08320548681755503,1.9184218447904275,0.27124668203547686,1
1.5261292169395178,7.749999999999879,890.0,0.0826966895390013,1.9187703001631902,0.2778440958120232,1
1.526026038115666,7.749999999999879,891.0,0.08269189497626887,1.9191184353100648,0.2780812834183164,1
1.525922722253918,7.749999999999879,892.0,0.08268713624500136,1.9194662503663287,0.278317988544152,1
1.5258192702792606,7.749999999999879,893.0,0.08268241320999258,1.9198137454748803,0.2785542122644744,1
1.5257156831020995,7.749999999999879,894.0,0.08267772573840737,1.9201609207730517,0.27878995563340947,1
1.5256119616359731,7.749999999999879,895.0,0.0826730736966809,1.9205077764053557,0.2790252197160652,1
1.525508106784772,7.749999999999879,896.0,0.08266845695266642,1.920854312514255,0.2792600055655483,1
1.5254041194497523,7.749999999999879,897.0,0.08266387537460772,1.921200529245144,0.27949431423549354,1
1.5253000005265491,7.749999999999879,898.0,0.08265932883139954,1.9215464267441977,0.2797281467746944,1
1.5251957509043625,7.749999999999879,899.0,0.08265481719294715,1.921892005157743,0.2799615042255965,1
1.5250913714709224,7.749999999999879,900.0,0.08265034032920048,1.9222372646357988,0.28019438763318116,1
1.5249868631081294,7.739999999999879,901.0,0.08214536586306742,1.9225822053289185,0.28677532994078425,1
1.5248822266920117,7.739999999999879,902.0,0.08214096013264487,1.922926827388109,0.2870077040073724,1
1.5247774630952398,7.739999999999879,903.0,0.08213658856634035,1.9232711309666208,0.2872396077271888,1
1.5246725731853201,7.739999999999879,904.0,0.08213225103777884,1.9236151162186117,0.2874710421258908,1
1.5245675578243227,7.739999999999879,905.0,0.08212794742123106,1.9239587832989191,0.28770200822439995,1
1.5244624178723134,7.739999999999879,906.0,0.08212367759122811,1.9243021323655212,0.2879325070450469,1
1.524357154180718,7.739999999999879,907.0,0.08211944142357716,1.9246451635746786,0.28816253959958904,1
1.5242517676009337,7.739999999999879,908.0,0.08211523879387621,1.9249878770871631,0.28839210690467976,1
1.5241462589777577,7.739999999999879,909.0,0.08211106957872023,1.9253302730634627,0.28862120997001983,1
1.5240406291487343,7.739999999999879,910.0,0.0821069336558045,1.925672351663269,0.28884984979713924,1
1.5239348789532545,7.739999999999879,911.0,0.08210283090224932,1.9260141130520536,0.2890780273957445,1
1.5238290092219706,7.739999999999879,912.0,0.08209876119656596,1.926355557393363,0.28930574376464446,1
1.5237230207787915,7.72999999999988,913.0,0.08159757035224302,1.92669668485021,0.2958704006601409,1
1.5236169144504053,7.72999999999988,914.0,0.08159356586878261,1.9270374955920082,0.29609763889719054,1
1.523510691054479,7.72999999999988,915.0,0.08158959385837607,1.9273779897859276,0.2963244194354413,1
1.5234043514023783,7.72999999999988,916.0,0.08158565420293151,1.9277181675988466,0.2965507432547909,1
1.5232978963065515,7.72999999999988,917.0,0.08158174678401245,1.9280580292027238,0.29677661134178024,1
1.5231913265727863,7.72999999999988,918.0,0.08157787148415928,1.92839757476891,0.2970020246756164,1
1.5230846430003515,7.72999999999988,919.0,0.08157402818684088,1.9287368044682154,0.29722698422838856,1
1.522977846386141,7.72999999999988,920.0,0.08157021677583086,1.9290757184739293,0.2974514909725221,1
1.5228709375253553,7.72999999999988,921.0,0.08156643713495251,1.9294143169622564,0.29767554588194556,1
1.5227639172045557,7.72999999999988,922.0,0.08156268914936533,1.9297526001072542,0.2978991499195851,1
1.5226567862085354,7.72999999999988,923.0,0.08155897270438685,1.9300905680857912,0.2981223040496821,1
1.5225495453185895,7.71999999999988,924.0,0.08106146050753253,1.9304282210762806,0.3046709061032553,1
1.5224421953117548,7.71999999999988,925.0,0.08105780416441685,1.9307655592580826,0.3048936093521768,1
1.5223347369567222,7.71999999999988,926.0,0.0810541788182718,1.931102582808485,0.30511586607699925,1
1.5222271710251558,7.71999999999988,927.0,0.08105058435670953,1.9314392919109777,0.3053376772330956,1
1.5221194982795063,7.71999999999988,928.0,0.08104702066883877,1.9317756867462863,0.3055590437636255,1
1.522011719480544,7.71999999999988,929.0,0.08104348764378846,1.9321117674978623,0.30577996661307116,1
1.5219038353839964,7.71999999999988,930.0,0.08103998517152551,1.9324475343494054,0.30600044672116455,1
1.5217958467440653,7.71999999999988,931.0,0.08103651314195102,1.932782987487417,0.3062204850291983,1
1.5216877543048812,7.71999999999988,932.0,0.08103307144669421,1.9331181270948832,0.3064400824645739,1
1.5215795588132874,7.71999999999988,933.0,0.0810296599766549,1.9334529533606524,0.30665923996384037,1
1.5214712610091183,7.71999999999988,934.0,0.08102627862380031,1.9337874664722672,0.3068779584551349,1
1.5213628616309278,7.71999999999988,935.0,0.08102292728016289,1.934121666620139,0.3070962388684786,1
1.5212543614078542,7.70999999999988,936.0,0.08052905342364393,1.934455553991556,0.3136289837495383,1
1.5211457610711325,7.70999999999988,937.0,0.08052575694536797,1.9347891287791135,0.3138468416112099,1
1.5210370613465782,7.70999999999988,938.0,0.08052248996346988,1.9351223911751656,0.31406426463384274,1
1.5209282629522611,7.70999999999988,939.0,0.08051925237359756,1.9354553413700712,0.3142812537242319,1
1.5208193666087935,7.70999999999988,940.0,0.08051604407075078,1.9357879795597712,0.31449780979784014,1
1.520710373028602,7.70999999999988,941.0,0.08051286495121146,1.93612030593785,0.314713933759426,1
1.5206012829221982,7.70999999999988,942.0,0.08050971491141772,1.936452320700121,0.3149296265143102,1
1.5204920969960578,7.70999999999988,943.0,0.08050659384835877,1.9367840240430574,0.3151448889645434,1
1.5203828159505006,7.70999999999988,944.0,0.08050350165987845,1.9371154161621829,0.31535972200503526,1
1.5202734404882507,7.70999999999988,945.0,0.08050043824332341,1.9374464972583874,0.3155741265389971,1
1.5201639713019748,7.70999999999988,946.0,0.08049740349756027,1.937777267528683,0.315788103455406,1
1.5200544090845929,7.70999999999988,947.0,0.08049439732127237,1.938107727173821,0.3160016536476171,1
1.5199447545238742,7.69999999999988,948.0,0.08000409225733451,1.938437876394233,0.32251874670915104,1
1.5198350083048258,7.69999999999988,949.0,0.08000113602472139,1.938767715391826,0.32273190132074037,1
1.5197251711083126,7.69999999999988,950.0,0.07999820787760291,1.9390972443688947,0.3229446323091618,1
1.519615243611105,7.69999999999988,951.0,0.07999530771756608,1.9394264635281633,0.3231569405513437,1
1.5195052264891677,7.69999999999988,952.0,0.07999243544604696,1.9397553730751735,0.3233688269265391,1
1.5193951204095268,7.69999999999988,953.0,0.07998959096594774,1.9400839732122588,0.32358029230164576,1
1.5192849260430168,7.69999999999988,954.0,0.07998677417936602,1.9404122641479475,0.32379133755416767,1
1.5191746440492122,7.69999999999988,955.0,0.07998398499011794,1.9407402460857872,0.3240019635450073,1
1.519064275092014,7.69999999999988,956.0,0.07998122330120733,1.941067919235879,0.32421217114658196,1
1.5189538198250105,7.69999999999988,957.0,0.07997848901722038,1.9413952838039747,0.3244219612163419,1
1.5188432789035289,7.69999999999988,958.0,0.07997578204228718,1.941722340000429,0.32463133461854543,1
1.5187326529760479,7.69999999999988,959.0,0.07997310228158115,1.9420490880337828,0.3248402922087026,1
1.5186219426904015,7.6899999999998805,960.0,0.07948629964047878,1.9423755281153545,0.3313419277471097,1
1.5185111486890426,7.6899999999998805,961.0,0.07948366519641305,1.942701660455689,0.3315505154391465,1
1.5184002716129206,7.6899999999998805,962.0,0.07948105750929582,1.943027485267446,0.3317586902929248,1
1.5182893120952299,7.6899999999998805,963.0,0.0794784764869397,1.9433530027606967,0.3319664531481523,1
1.5181782707724767,7.6899999999998805,964.0,0.07947592203649559,1.9436782131511514,0.33217380485403725,1
1.5180671482737738,7.6899999999998805,965.0,0.07947339406617004,1.9440031166521727,0.3323807462499404,1
1.517955945226161,7.6899999999998805,966.0,0.07947089248446464,1.9443277134787182,0.33258727817496303,1
1.5178446622519226,7.6899999999998805,967.0,0.07946841720047636,1.9446520038453114,0.3327934014630656,1
1.5177332999727966,7.6899999999998805,968.0,0.07946596812331318,1.944975987969159,0.33299911695065565,1
1.5176218590061001,7.6899999999998805,969.0,0.07946354516265773,1.9452996660672561,0.33320442546957674,1
1.5175103399619305,7.6899999999998805,970.0,0.07946114822929141,1.9456230383542545,0.3334093278420005,1
1.5173987434565288,7.6899999999998805,971.0,0.07945877723282455,1.9459461050524365,0.3336138249045941,1
1.5172870700926773,7.679999999999881,972.0,0.07897541362658686,1.9462688663770495,0.3401001868196569,1
1.5171753204788496,7.679999999999881,973.0,0.07897308359494029,1.9465913225505895,0.34030433845234387,1
1.5170634952122497,7.679999999999881,974.0,0.0789707790692094,1.9469134737901068,0.3405080876138995,1
1.5169515948950454,7.679999999999881,975.0,0.07896849996144031,1.9472353203193264,0.34071143512648816,1
1.5168396201205248,7.679999999999881,976.0,0.07896624618504386,1.9475568623582684,0.3409143817994995,1
1.5167275714805986,7.679999999999881,977.0,0.07896401765355654,1.9478781001288563,0.3411169284430984,1
1.5166154495635071,7.679999999999881,978.0,0.07896181428098889,1.9481990338531523,0.34131907586403076,1
1.516503254957752,7.679999999999881,979.0,0.07895963598118393,1.948519663756316,0.3415208248727466,1
1.5163909882444748,7.679999999999881,980.0,0.07895748266911724,1.9488399900608515,0.34172217626957013,1
1.5162786500042782,7.679999999999881,981.0,0.07895535425969644,1.9491600129917137,0.34192313085703163,1
1.5161662408146372,7.679999999999881,982.0,0.0789532506682343,1.9494797327743356,0.3421236894351509,1
1.5160537612487361,7.679999999999881,983.0,0.07895117181066708,1.9497991496337475,0.34232385279932087,1
1.515941211878282,7.669999999999881,984.0,0.07847118665066312,1.9501182637966794,0.3487951152156177,1
1.515828593271182,7.669999999999881,985.0,0.07846914466294802,1.9504370754897724,0.34899495647675627,1
1.5157159059931602,7.669999999999881,986.0,0.07846712700068846,1.95075558494079,0.3491944052564522,1
1.5156031506056384,7.669999999999881,987.0,0.07846513358180637,1.9510737923770014,0.34939346233896895,1
1.5154903276699123,7.669999999999881,988.0,0.0784631643241806,1.9513916980283195,0.3495921285114001,1
1.5153774377399503,7.669999999999881,989.0,0.07846121914677327,1.9517093021218512,0.34979040455060506,1
1.5152644813728349,7.669999999999881,990.0,0.07845929796789564,1.9520266048897268,0.34998829124207465,1
1.5151514591163697,7.669999999999881,991.0,0.07845740070733068,1.9523436065597828,0.35018578935751066,1
1.51503837152095,7.669999999999881,992.0,0.07845552728426038,1.9526603073644464,0.3503828996762588,1
1.5149252191306255,7.669999999999881,993.0,0.07845367761884667,1.9529767075340214,0.3505796229691449,1
1.514812002488481,7.669999999999881,994.0,0.07845185163126919,1.9532928073006954,0.3507759600081679,1
1.5146987221348243,7.669999999999881,995.0,0.07845004924206782,1.9536086068971823,0.3509719115632264,1
1.5145853786065415,7.669999999999881,996.0,0.07844827037225384,1.9539241065561965,0.35116747840090845,1
1.51447197243558,7.659999999999881,997.0,0.07797161519795322,1.9542393065093002,0.35762389108635695,1
1.5143585041565106,7.659999999999881,998.0,0.07796986903625465,1.9545542069925945,0.35781915992164537,1
1.514244974296775,7.659999999999881,999.0,0.0779681460092149,1.9548688082393457,0.3580140466512569,1
1.5141313833840007,7.659999999999881,1000.0,0.07796644603945914,1.9551831104854764,0.35820855203436297,1
1.5140177319378476,7.659999999999881,1001.0,0.07796476905079391,1.9554971139634056,0.35840267681853,1
1.5139040204830072,7.659999999999881,1002.0,0.07796311496610105,1.9558108189118326,0.35859642176321294,1
1.5137902495365605,7.659999999999881,1003.0,0.07796148370941378,1.9561242255662004,0.3587897876168835,1
1.5136764196134567,7.659999999999881,1004.0,0.07795987520499623,1.9564373341627894,0.35898277512690036,1
1.5135625312264067,7.659999999999881,1005.0,0.07795828937737818,1.9567501449386364,0.35917538503931357,1
1.5134485848864003,7.659999999999881,1006.0,0.07795672615129061,1.9570626581318993,0.3593676180997758,1
1.5133345811004535,7.659999999999881,1007.0,0.0779551854519608,1.957374873980143,0.35955947504944774,1
1.5132205203745561,7.659999999999881,1008.0,0.0779536672047333,1.9576867927225616,0.3597509566303301,1
1.5131064032085741,7.649999999999881,1009.0,0.0774802744763233,1.9579984145960887,0.366192602832218,1
1.5129922301054843,7.649999999999881,1010.0,0.07747878532374508,1.9583097398423788,0.3663838075614101,1
1.5128780015615473,7.649999999999881,1011.0,0.07747731825900796,1.958620768700347,0.36657463942985724,1
1.512763718072339,7.649999999999881,1012.0,0.07747587320922414,1.9589315014107365,0.36676509916935274,1
1.5126493801291125,7.649999999999881,1013.0,0.0774744501021052,1.9592419382133301,0.3669551875064674,1
1.5125349882209915,7.649999999999881,1014.0,0.07747304886564811,1.9595520793486003,0.3671449051665068,1
1.512420542837095,7.649999999999881,1015.0,0.07747166942771033,1.959861925059312,0.367334252877352,1
1.512306044461507,7.649999999999881,1016.0,0.07747031171692684,1.9601714755866775,0.36752323136031473,1
1.5121914935771648,7.649999999999881,1017.0,0.07746897566193221,1.9604807311733128,0.36771184133718604,1
1.512076890663361,7.649999999999881,1018.0,0.07746766119195864,1.9607896920613113,0.36790008352568027,1
1.5119622361977467,7.649999999999881,1019.0,0.07746636823635891,1.961098358493753,0.36808795864305033,1
1.5118475306559853,7.649999999999881,1020.0,0.0774650967247085,1.9614067307144158,0.3682754674054338,1
1.511732774510283,7.649999999999881,1021.0,0.0774638465870656,1.9617148089666752,0.3684626105252029,1
1.5116179682306738,7.6399999999998816,1022.0,0.07699366762144376,1.9620225934944282,0.37488974664087493,1
1.5115031122848352,7.6399999999998816,1023.0,0.07699244289958082,1.9623300845419702,0.3750766347979464,1
1.5113882071396805,7.6399999999998816,1024.0,0.07699123920768373,1.9626372823551659,0.3752631597177196,1
1.5112732532577369,7.6399999999998816,1025.0,0.0769900564774655,1.9629441871786983,0.37544932210297977,1
1.5111582510991635,7.6399999999998816,1026.0,0.07698889464094529,1.9632507992575838,0.37563512265463084,1
1.5110432011231931,7.6399999999998816,1027.0,0.076987753630179,1.9635571188382488,0.3758205620742867,1
1.5109281037862514,7.6399999999998816,1028.0,0.07698663337761082,1.963863146167096,0.37600564106085965,1
1.510812959540643,7.6399999999998816,1029.0,0.07698553381626294,1.964168881489475,0.3761903603081487,1
1.5106977688400631,7.6399999999998816,1030.0,0.07698445487879918,1.9644743250538785,0.3763747205148258,1
1.5105825321325126,7.6399999999998816,1031.0,0.07698339649876682,1.9647794771065294,0.37655872237157784,1
1.5104672498647602,7.6399999999998816,1032.0,0.07698235860980199,1.9650843378947596,0.37674236656917115,1
1.5103519224826054,7.6399999999998816,1033.0,0.07698134114560917,1.9653889076672018,0.3769256537989205,1
1.51023655042796,7.6399999999998816,1034.0,0.07698034404044661,1.9656931866715535,0.37710858474738274,1
1.5101211341423033,7.629999999999882,1035.0,0.07651332331257632,1.9659971751571936,0.3835213726583162,1
1.5100056740604515,7.629999999999882,1036.0,0.07651234817002582,1.966300873370418,0.3837040694813978,1
1.5098901706214671,7.629999999999882,1037.0,0.07651139306149861,1.9666042815627442,0.3838864123294152,1
1.5097746242576662,7.629999999999882,1038.0,0.07651045792288141,1.966907399982524,0.3840684018788496,1
1.5096590354009993,7.629999999999882,1039.0,0.076509542690015,1.9672102288797835,0.3842500388077319,1
1.5095434044799094,7.629999999999882,1040.0,0.07650864729925974,1.9675127685038258,0.38443132378995126,1
1.5094277319222793,7.629999999999882,1041.0,0.07650777168696207,1.9678150191054493,0.3846122575005606,1
1.5093120181528734,7.629999999999882,1042.0,0.0765069157898641,1.9681169809350083,0.3847928406111565,1
1.5091962635940266,7.629999999999882,1043.0,0.07650607954508953,1.9684186542429007,0.38497307379108436,1
1.5090804686672181,7.629999999999882,1044.0,0.07650526288970479,1.9687200392807662,0.3851529577102881,1
1.5089646337901441,7.629999999999882,1045.0,0.07650446576138085,1.9690211362992471,0.3853324930339983,1
1.5088487593801463,7.629999999999882,1046.0,0.07650368809776495,1.969321945550586,0.3855116804289265,1
1.508732845850239,7.629999999999882,1047.0,0.07650292983709608,1.9696224672855651,0.38569052055603303,1
1.5086168936141602,7.619999999999882,1048.0,0.0760390143120576,1.9699227017573888,0.3920891130649131,1
1.5085009030817593,7.619999999999882,1049.0,0.07603827477128741,1.9702226492181047,0.3922677389157989,1
1.5083848746593942,7.619999999999882,1050.0,0.07603755432659946,1.9705223099189184,0.39244601970762405,1
1.5082688087562464,7.619999999999882,1051.0,0.07603685291687524,1.970821684115009,0.39262395610111867,1
1.508152705772417,7.619999999999882,1052.0,0.07603617048250105,1.9711207720564123,0.39280154874261375,1
1.5080365661131718,7.619999999999882,1053.0,0.07603550696284116,1.9714195739988922,0.3929787982898172,1
1.5079203901769496,7.619999999999882,1054.0,0.07603486229836953,1.9717180901947775,0.39315570539010025,1
1.5078041783634857,7.619999999999882,1055.0,0.07603423642919312,1.9720163208991446,0.3933322706951825,1
1.5076879310649194,7.619999999999882,1056.0,0.07603362929663622,1.9723142663630002,0.39350849484500183,1
1.5075716486789001,7.619999999999882,1057.0,0.07603304084100139,1.9726119268433313,0.3936843784914863,1
1.5074553315965027,7.619999999999882,1058.0,0.07603247100359288,1.972909302593802,0.39385992227659683,1
1.5073389802057844,7.619999999999882,1059.0,0.07603191972613749,1.9732063938674844,0.39403512683877917,1
1.5072225948969191,7.619999999999882,1060.0,0.07603138694991472,1.9735032009207842,0.39420999282226865,1
1.5071061760552442,7.609999999999882,1061.0,0.07557052593013124,1.9737997240080951,0.4005945341970676,1
1.5069897240647119,7.609999999999882,1062.0,0.07557000882866795,1.974095963384431,0.40076920481089373,1
1.506873239307844,7.609999999999882,1063.0,0.07556950993821065,1.9743919193053872,0.4009435389655558,1
1.5067567221651048,7.609999999999882,1064.0,0.07556902920169697,1.9746875920266367,0.40111753729383404,1
1.5066401730146575,7.609999999999882,1065.0,0.07556856656231593,1.9749829818037399,0.4012912004262257,1
1.5065235922321674,7.609999999999882,1066.0,0.07556812196365438,1.9752780888919845,0.40146452899057805,1
1.5064069801934334,7.609999999999882,1067.0,0.07556769534917565,1.975572913548392,0.4016375236168408,1
1.506290337270897,7.609999999999882,1068.0,0.07556728666276903,1.9758674560290164,0.4018101849307185,1
1.5061736638347334,7.609999999999882,1069.0,0.07556689584866144,1.9761617165897924,0.4019825135556583,1
1.5060569602544318,7.609999999999882,1070.0,0.07556652285110528,1.976455695487716,0.4021545101156765,1
1.5059402268970135,7.609999999999882,1071.0,0.07556616761465342,1.9767493929794728,0.4023261752321283,1
1.505823464128124,7.609999999999882,1072.0,0.07556583008400741,1.9770428093222803,0.40249750952568664,1
1.5057066723102355,7.609999999999882,1073.0,0.07556551020436568,1.9773359447724728,0.40266851361304945,1
1.505589851806073,7.599999999999882,1074.0,0.07510765518919865,1.9776287995881392,0.4090391400809348,1
1.5054730029746106,7.599999999999882,1075.0,0.07510734812317671,1.9779213740260286,0.4092099668233189,1
1.5053561261754422,7.599999999999882,1076.0,0.07510705843305644,1.9782136683449045,0.40938046539904493,1
1.5052392217615447,7.599999999999882,1077.0,0.0751067860656236,1.9785056827999574,0.40955063641323997,1
1.5051222900900931,7.599999999999882,1078.0,0.0751065309668491,1.9787974176511336,0.409720480480382,1
1.5050053315142107,7.599999999999882,1079.0,0.0751062930833324,1.979088873156768,0.4098899982093329,1
1.5048883463817226,7.599999999999882,1080.0,0.07510607236243635,1.9793800495725977,0.4100591902010511,1
1.504771335045123,7.599999999999882,1081.0,0.0751058687507038,1.9796709471594571,0.4102280570666761,1
1.5046542978481396,7.599999999999882,1082.0,0.07510568219600569,1.9799615661728884,0.41039659940312934,1
1.5045372351395365,7.599999999999882,1083.0,0.07510551264535004,1.98025190687379,0.41056481781815624,1
1.504420147262419,7.599999999999882,1084.0,0.07510536004657624,1.9805419695201656,0.4107327129109193,1
1.5043030345583661,7.599999999999882,1085.0,0.07510522434769555,1.980831754370264,0.41090028527944633,1
1.5041858973684068,7.599999999999882,1086.0,0.0751051054967501,1.9811212616833647,0.4110675355224338,1
1.504068736031269,7.589999999999883,1087.0,0.07465021005184158,1.9814104917183994,0.41742437573292146,1
1.503951550883785,7.589999999999883,1088.0,0.0746501013259186,1.981699444734252,0.4175914658180453,1
1.5038343422614848,7.589999999999883,1089.0,0.07465000918775348,1.9819881209902035,0.41775823573352744,1
1.5037171104982532,7.589999999999883,1090.0,0.07464993358659115,1.9822765207456754,0.4179246860702768,1
1.5035998559245907,7.589999999999883,1091.0,0.07464987447217811,1.9825646442588625,0.4180908174146627,1
1.5034825788727348,7.589999999999883,1092.0,0.0746498317938477,1.9828524917906831,0.4182566303577919,1
1.5033652796711945,7.589999999999883,1093.0,0.07464980550153287,1.9831400636005503,0.4184221254855902,1
1.5032479586465746,7.589999999999883,1094.0,0.07464979554538673,1.983427359947757,0.4185873033820884,1
1.503130616123976,7.589999999999883,1095.0,0.0746498018757227,1.9837143810918045,0.41875216463016196,1
1.5030132524277877,7.589999999999883,1096.0,0.07464982444289547,1.984001127292968,0.4189167098129234,1
1.5028958678799824,7.589999999999883,1097.0,0.07464986319761573,1.9842875988110071,0.4190809395106543,1
1.502778462801081,7.589999999999883,1098.0,0.07464991809074012,1.9845737959058811,0.4192448543025271,1
1.5026610375102603,7.589999999999883,1099.0,0.07464998907328638,1.9848597188378247,0.4194084547667887,1
1.5025435923251709,7.589999999999883,1100.0,0.07465007609641584,1.9851453678672026,0.41957174148042675,1
1.502426127561192,7.579999999999883,1101.0,0.07419808728931312,1.9854307432539227,0.42591508692913127,1
1.5023086435315587,7.579999999999883,1102.0,0.07419818171285622,1.9857158452575154,0.4260782311816518,1
1.502191140551744,7.579999999999883,1103.0,0.07419829193110289,1.9860006741405496,0.4262410635609537,1
1.5020736189288377,7.579999999999883,1104.0,0.07419841789701445,1.986285230160345,0.4264035846295531,1
1.501956078976753,7.579999999999883,1105.0,0.07419855956236149,1.986569513580806,0.42656579496382974,1
1.5018385209990097,7.579999999999883,1106.0,0.07419871688055293,1.9868535246590109,0.4267276951227392,1
1.5017209453057312,7.579999999999883,1107.0,0.07419888980384609,1.9871372636584257,0.4268892856786748,1
1.5016033522000969,7.579999999999883,1108.0,0.07419907828554582,1.9874207308383676,0.4270505671928606,1
1.5014857419854715,7.579999999999883,1109.0,0.0741992822789144,1.987703926459525,0.42721154022827523,1
1.5013681149644078,7.579999999999883,1110.0,0.0741995017372245,1.9879868507831913,0.42737220534784903,1
1.5012504714372767,7.579999999999883,1111.0,0.0741997366140691,1.9882695040701737,0.42753256311194954,1
1.5011328117022136,7.579999999999883,1112.0,0.07419998686332052,1.9885518865807514,0.4276926140782795,1
1.5010151360575774,7.579999999999883,1113.0,0.07420025243876875,1.9888339985765853,0.427852358806345,1
1.500897444797498,7.569999999999883,1114.0,0.07375113439293965,1.9891158403172406,0.43418216240394547,1
1.500779738218154,7.569999999999883,1115.0,0.07375140500319677,1.9893974120650548,0.4343417802636085,1
1.5006620166124414,7.569999999999883,1116.0,0.0737516907067439,1.9896787140809895,0.4345010936878939,1
1.5005442802708098,7.569999999999883,1117.0,0.07375199145866275,1.989959746625283,0.43466010322625537,1
1.5004265294831278,7.569999999999883,1118.0,0.0737523072140956,1.990240509958866,0.43481880942842066,1
1.5003087645393276,7.569999999999883,1119.0,0.07375263792814812,1.9905210043438868,0.4349772128455833,1
1.5001909857254463,7.569999999999883,1120.0,0.07375298355640877,1.9908012300406004,0.43513531402318817,1
1.500073193327736,7.569999999999883,1121.0,0.07375334405447648,1.9910811873105634,0.43529311350838507,1
1.4999553876309797,7.569999999999883,1122.0,0.07375371937801767,1.9913608764153288,0.4354506118469781,1
1.4998375689171246,7.569999999999883,1123.0,0.07375410948317772,1.9916402976153567,0.4356078095809155,1
1.4997197374676106,7.569999999999883,1124.0,0.07375451432609828,1.9919194511718168,0.43576470725250904,1
1.4996018935618138,7.569999999999883,1125.0,0.07375493386318187,1.9921983373453953,0.43592130540162266,1
1.4994840374793,7.569999999999883,1126.0,0.0737553680507523,1.9924769563980171,0.436077604569733,1
1.4993661694981126,7.569999999999883,1127.0,0.07375581684532816,1.992755308591512,0.4362336052968192,1
1.4992482898929007,7.559999999999883,1128.0,0.07330951693583881,1.99303339418615,0.4425501614542924,1
1.4991303989396132,7.559999999999883,1129.0,0.073309968363346,1.9933112134442885,0.44270605139494634,1
1.499012496908258,7.559999999999883,1130.0,0.07331043417809852,1.9935887666247227,0.4428616446192011,1
1.4988945840751247,7.559999999999883,1131.0,0.07331091433693873,1.993866053992214,0.44301694166774985,1
1.4987766607055402,7.559999999999883,1132.0,0.07331140879841826,1.9941430758040113,0.4431719430626049,1
1.4986587270724363,7.559999999999883,1133.0,0.0733119175198179,1.9944198323243743,0.44332664934082877,1
1.4985407834423374,7.559999999999883,1134.0,0.07331244045935964,1.9946963238135718,0.44348106102903295,1
1.4984228300821978,7.559999999999883,1135.0,0.07331297757518829,1.9949725505332583,0.4436351786558306,1
1.4983048672549644,7.559999999999883,1136.0,0.07331352882597986,1.995248512742976,0.4437890027437421,1
1.4981868952266688,7.559999999999883,1137.0,0.07331409416989791,1.995524210705703,0.4439425338220866,1
1.4980689142581336,7.559999999999883,1138.0,0.07331467356589984,1.9957996446813584,0.444095772411897,1
1.4979509246117406,7.559999999999883,1139.0,0.07331526697258578,1.9960748149320915,0.44424871903821894,1
1.497832926547341,7.559999999999883,1140.0,0.0733158743489677,1.9963497217190564,0.4444013742226489,1
1.4977149203207665,7.559999999999883,1141.0,0.07331649565458885,1.9966243653012643,0.4445537384806395,1
1.4975969061928127,7.5499999999998835,1142.0,0.07287297163959454,1.996898745942603,0.45085716421729205,1
1.4974788844174587,7.5499999999998835,1143.0,0.07287359332743118,1.9971728639025892,0.45100943299853835,1
1.4973608552496551,7.5499999999998835,1144.0,0.07287422873587811,1.9974467194424823,0.45116141251743214,1
1.4972428189428517,7.5499999999998835,1145.0,0.07287487782494861,1.9977203128233298,0.45131310328863994,1
1.4971247757499266,7.5499999999998835,1146.0,0.07287554055467187,1.9979936443066886,0.4514645058269082,1
1.4970067259197415,7.5499999999998835,1147.0,0.07287621688568902,1.9982667141519228,0.45161562064080374,1
1.496888669703941,7.5499999999998835,1148.0,0.07287690677814669,1.9985395226215195,0.4517664482450501,1
1.4967706073510265,7.5499999999998835,1149.0,0.07287761019262143,1.9988120699764442,0.45191698914976186,1
1.4966525391050614,7.5499999999998835,1150.0,0.07287832709037473,1.9990843564751122,0.45206724385807573,1
1.4965344652151342,7.5499999999998835,1151.0,0.07287905743177821,1.9993563823808123,0.45221721288335215,1
1.4964163859248663,7.5499999999998835,1152.0,0.07287980117805509,1.9996281479534592,0.4523668967300847,1
1.4962983014780624,7.5499999999998835,1153.0,0.07288055829033144,1.9998996534540188,0.4525162959041644,1
1.4961802121151908,7.5499999999998835,1154.0,0.0728813287302409,2.000170899141755,0.45266541090648493,1
1.4960621180794522,7.5499999999998835,1155.0,0.07288211245890813,2.0004418852789776,0.45281424224396694,1
1.4959440196100373,7.539999999999884,1156.0,0.0724413239198898,2.000712612125738,0.45910464761074454,1
1.4958259169441221,7.539999999999884,1157.0,0.07244210592176838,2.0009830799413892,0.4592533980471587,1
1.4957078103212347,7.539999999999884,1158.0,0.07244290101518516,2.0012532889880226,0.4594018664136421,1
1.4955896999764167,7.539999999999884,1159.0,0.07244370916261332,2.001523239525076,0.4595500532054777,1
1.495471586145236,7.539999999999884,1160.0,0.07244453032641424,2.0017929318132714,0.45969795891992504,1
1.4953534690613142,7.539999999999884,1161.0,0.07244536446920015,2.002062366112663,0.45984558405172016,1
1.4952353489577224,7.539999999999884,1162.0,0.07244621155362532,2.0023315426837343,0.45999292909561085,1
1.4951172260657293,7.539999999999884,1163.0,0.07244707154258587,2.0026004617863924,0.4601399945440583,1
1.4949991006153862,7.539999999999884,1164.0,0.07244794439912135,2.002869123680444,0.46028678088831576,1
1.494880972835347,7.539999999999884,1165.0,0.07244883008642883,2.0031375286254303,0.46043328861807686,1
1.4947628429564541,7.539999999999884,1166.0,0.07244972856734636,2.0034056768834496,0.4605795182279986,1
1.4946447112021999,7.539999999999884,1167.0,0.07245063980580399,2.0036735687116343,0.46072547020033294,1
1.4945265778005592,7.539999999999884,1168.0,0.07245156376498714,2.003941204371489,0.4608711450264764,1
1.4944084429753708,7.539999999999884,1169.0,0.07245250040867927,2.0042085841220514,0.4610165431912341,1
1.494290306950805,7.529999999999884,1170.0,0.07201440864167308,2.0044757082234534,0.4672940316756351,1
1.494172169950164,7.529999999999884,1171.0,0.07201534158114636,2.004742576935928,0.4674393628328266,1
1.4940540321931026,7.529999999999884,1172.0,0.0720162870183734,2.005009190517648,0.4675844188605869,1
1.4939358938987277,7.529999999999884,1173.0,0.072017244917935,2.0052755492271404,0.46772920023801623,1
1.4938177552901755,7.529999999999884,1174.0,0.07201821524377185,2.005541653326898,0.46787370745247037,1
1.4936996165815017,7.529999999999884,1175.0,0.07201919796120004,2.0058075030730373,0.46801794097572413,1
1.4935814779927024,7.529999999999884,1176.0,0.07202019303448828,2.0060730987271342,0.4681619012912648,1
1.4934633397371158,7.529999999999884,1177.0,0.07202120042903329,2.0063384405462776,0.4683055888713801,1
1.4933452020313531,7.529999999999884,1178.0,0.07202222010956022,2.006603528790924,0.46844900419523294,1
1.4932270650883541,7.529999999999884,1179.0,0.0720232520414004,2.0068683637193643,0.46859214773617786,1
1.4931089291215331,7.529999999999884,1180.0,0.07202429618973734,2.0071329455910414,0.4687350199693494,1
1.492990794341286,7.529999999999884,1181.0,0.07202535252019239,2.0073972746637496,0.4688776213652597,1
1.4928726609602063,7.529999999999884,1182.0,0.072026420998,2.007661351197778,0.46901995239931704,1
1.4927545291836406,7.529999999999884,1183.0,0.07202750158951911,2.007925175448412,0.4691620135345933,1
1.4926363992241314,7.529999999999884,1184.0,0.07202859425986298,2.00818874767737,0.4693038052481453,1
1.4925182712872167,7.519999999999884,1185.0,0.07159314453813533,2.0084520681415463,0.4755686898028726,1
1.4924001455798792,7.519999999999884,1186.0,0.07159423150848415,2.008715137099724,0.47571042874519076,1
1.4922820223080135,7.519999999999884,1187.0,0.07159533038131852,2.008977954810526,0.4758518997338388,1
1.4921639016733783,7.519999999999884,1188.0,0.07159644112355995,2.009240521530015,0.4759931032288196,1
1.4920457838817853,7.519999999999884,1189.0,0.07159756370144744,2.0095028375181734,0.4761340396983522,1
1.491927669134741,7.519999999999884,1190.0,0.07159869808184924,2.0097649030322806,0.4762747096036597,1
1.4918095576324393,7.519999999999884,1191.0,0.07159984423181179,2.0100267183292693,0.47641511340439924,1
1.4916914495767954,7.519999999999884,1192.0,0.07160100211805275,2.0102882836681326,0.4765552515641891,1
1.4915733451670612,7.519999999999884,1193.0,0.07160217170769287,2.0105495993064357,0.47669512454260987,1
1.4914552445983933,7.519999999999884,1194.0,0.07160335296844127,2.01081066549919,0.476834732792607,1
1.4913371480727853,7.519999999999884,1195.0,0.07160454586689932,2.011071482507493,0.4769740767803705,1
1.491219055781577,7.519999999999884,1196.0,0.07160575037129238,2.0113320505846635,0.47711315695348233,1
1.4911009679239806,7.519999999999884,1197.0,0.07160696644858643,2.0115923699909555,0.47725197377468453,1
1.4909828846913078,7.519999999999884,1198.0,0.07160819406693276,2.011852440980993,0.47739052769308676,1
1.4908648062795515,7.509999999999884,1199.0,0.07117536725702972,2.012112263813785,0.4836426902298583,1
1.4907467328784074,7.509999999999884,1200.0,0.07117658744559648,2.0123718387439946,0.483781203951535,1
1.4906286646814666,7.509999999999884,1201.0,0.07117781900751274,2.0126311660300256,0.48391945618756416,1
1.4905106018791408,7.509999999999884,1202.0,0.07117906191114579,2.012890245928401,0.48405744738775436,1
1.490392544657673,7.509999999999884,1203.0,0.07118031612545542,2.0131490786929644,0.48419517799508305,1
1.4902744932090883,7.509999999999884,1204.0,0.07118158161848888,2.013407664582797,0.4843326484638182,1
1.4901564477195157,7.509999999999884,1205.0,0.07118285835914377,2.013666003852925,0.48446985923824504,1
1.4900384083762377,7.509999999999884,1206.0,0.0711841463161402,2.013924096759912,0.4846068107654937,1
1.489920375364963,7.509999999999884,1207.0,0.07118544545836646,2.0141819435596826,0.4847435034905605,1
1.4898023488683636,7.509999999999884,1208.0,0.07118675575518957,2.0144395445063856,0.48487993785366723,1
1.4896843290719697,7.509999999999884,1209.0,0.07118807717546355,2.014696899857028,0.4850161143009495,1
1.4895663161589001,7.509999999999884,1210.0,0.071189409688386,2.0149540098673215,0.4851520332748913,1
1.4894483103108376,7.509999999999884,1211.0,0.0711907532633711,2.015210874792435,0.4852876952160776,1
1.4893303117089356,7.509999999999884,1212.0,0.07119210786986073,2.015467494887709,0.48542310056483884,1
1.4892123205326258,7.509999999999884,1213.0,0.07119347347751157,2.0157238704077134,0.48555824975908446,1
1.4890943369622116,7.4999999999998845,1214.0,0.07076321546886614,2.015980001608294,0.49179800381372196,1
1.4889763611750115,7.4999999999998845,1215.0,0.07076457189711872,2.0162358887435032,0.4919331257200703,1
1.4888583933490294,7.4999999999998845,1216.0,0.07076593916816457,2.0164915320685286,0.4920679928289722,1
1.488740433660716,7.4999999999998845,1217.0,0.07076731725220943,2.0167469318378917,0.4922026055749693,1
1.4886224822868654,7.4999999999998845,1218.0,0.07076870611935432,2.01700208830695,0.49233696439390595,1
1.488504539399051,7.4999999999998845,1219.0,0.07077010574050112,2.0172570017274802,0.49247106971281185,1
1.4883866051741663,7.4999999999998845,1220.0,0.07077151608566834,2.017511672356061,0.4926049219690809,1
1.4882686797843354,7.4999999999998845,1221.0,0.07077293712559986,2.017766100446018,0.4927385215920834,1
1.4881507634015578,7.4999999999998845,1222.0,0.07077436883101643,2.018020286251135,0.49287186901163027,1
1.488032856197413,7.4999999999998845,1223.0,0.0707758111726598,2.018274230025413,0.4930049646574317,1
1.487914958341879,7.4999999999998845,1224.0,0.07077726412153183,2.018527932022119,0.49313780895693515,1
1.487797070005512,7.4999999999998845,1225.0,0.07077872764845719,2.0187813924955287,0.4932704023392984,1
1.487679191355139,7.4999999999998845,1226.0,0.07078020172484621,2.0190346116974713,0.49340274522752114,1
1.4875613225612687,7.4999999999998845,1227.0,0.070781686321471,2.019287589883251,0.4935348380519624,1
1.4874434637878,7.4999999999998845,1228.0,0.0707831814101312,2.019540327303431,0.4936666812315713,1
1.4873256152026053,7.489999999999885,1229.0,0.07035545731909855,2.019792824212253,0.49989411836881215,1
1.4872077769711458,7.489999999999885,1230.0,0.0703569415937137,2.0200450808625763,0.5000259465368029,1
1.4870899492579406,7.489999999999885,1231.0,0.07035843621027288,2.0202970975070147,0.50015752636522,1
1.4869721322256695,7.489999999999885,1232.0,0.07035994114080146,2.0205488743972184,0.5002888582726106,1
1.4868543260384586,7.489999999999885,1233.0,0.07036145635709239,2.0208004117865186,0.5004199426807863,1
1.4867365308576936,7.489999999999885,1234.0,0.0703629818312974,2.0210517099265504,0.5005507800071685,1
1.4866187468438132,7.489999999999885,1235.0,0.07036451753573192,2.0213027690686953,0.5006813706680602,1
1.4865009741593782,7.489999999999885,1236.0,0.07036606344230334,2.0215535894665244,0.5008117150842302,1
1.486383212961304,7.489999999999885,1237.0,0.07036761952381251,2.021804171369598,0.500941813666766,1
1.4862654634089185,7.489999999999885,1238.0,0.07036918575259969,2.022054515029884,0.5010716668317345,1
1.4861477256611761,7.489999999999885,1239.0,0.07037076210106637,2.0223046206995527,0.5012012749951265,1
1.4860299998765216,7.489999999999885,1240.0,0.07037234854167419,2.0225544886308215,0.5013306385725607,1
1.4859122862070917,7.489999999999885,1241.0,0.07037394504778777,2.022804119071374,0.501459757968769,1
1.4857945848125165,7.489999999999885,1242.0,0.0703755515916365,2.0230535122753244,0.5015886336026856,1
1.4856768958451745,7.489999999999885,1243.0,0.07037716814650215,2.0233026684914956,0.5017172658806313,1
1.4855592194602836,7.479999999999885,1244.0,0.06995194458416099,2.023551587971417,0.5079324717172078,1
1.4854415558113896,7.479999999999885,1245.0,0.0699535487978949,2.023800270965755,0.5080611006610485,1
1.485323905048688,7.479999999999885,1246.0,0.0699551628809048,2.024048717722953,0.5081894874980923,1
1.4852062673258728,7.479999999999885,1247.0,0.0699567868063225,2.0242969284947137,0.5083176326386507,1
1.4850886427935444,7.479999999999885,1248.0,0.06995842054776445,2.0245449035307015,0.5084455364879386,1
1.4849710316023197,7.479999999999885,1249.0,0.06996006407878194,2.024792643081063,0.508573199451769,1
1.4848534338996064,7.479999999999885,1250.0,0.06996171737344518,2.0250401473937942,0.5087006219306238,1
1.484735849835479,7.479999999999885,1251.0,0.0699633804053239,2.025287416719495,0.5088278043304106,1
1.4846182795574274,7.479999999999885,1252.0,0.0699650531483878,2.0255344513071023,0.5089547470528311,1
1.4845007232140586,7.479999999999885,1253.0,0.06996673557642637,2.0257812514069053,0.5090814505021768,1
1.4843831809479184,7.479999999999885,1254.0,0.06996842766409263,2.0260278172647617,0.5092079150722113,1
1.4842656529089737,7.479999999999885,1255.0,0.06997012938490786,2.0262741491328904,0.5093341411707377,1
1.4841481392384348,7.479999999999885,1256.0,0.06997184071368272,2.026520247256931,0.5094601291901266,1
1.484030640083947,7.479999999999885,1257.0,0.06997356162423343,2.0267661118880866,0.5095858795349826,1
1.4839131555857845,7.479999999999885,1258.0,0.06997529209149317,2.0270117432720784,0.50971139259699,1
1.4837956858869044,7.469999999999885,1259.0,0.06955253707520559,2.027257141657194,0.5159144471418771,1
1.4836782311319459,7.469999999999885,1260.0,0.06955425377514556,2.0275023072934606,0.5160399679777294,1
1.4835607914583648,7.469999999999885,1261.0,0.06955597989746032,2.027747240425571,0.5161652527308984,1
1.4834433670096616,7.469999999999885,1262.0,0.06955771541664522,2.027991941303449,0.5162903018003406,1
1.4833259579245872,7.469999999999885,1263.0,0.0695594603078842,2.0282364101736334,0.5164151155768812,1
1.4832085643425934,7.469999999999885,1264.0,0.06956121454623237,2.028480647283589,0.5165396944530765,1
1.4830911864008451,7.469999999999885,1265.0,0.06956297810703957,2.0287246528793705,0.5166640388178325,1
1.4829738242389932,7.469999999999885,1266.0,0.0695647509653185,2.028968427209396,0.5167881490650423,1
1.482856477990465,7.469999999999885,1267.0,0.06956653309691894,2.0292119705174776,0.5169120255777375,1
1.4827391477956693,7.469999999999885,1268.0,0.0695683244766819,2.0294552830534105,0.5170356687521425,1
1.4826218337877954,7.469999999999885,1269.0,0.06957012508047007,2.029698365061592,0.517159078971809,1
1.4825045361004288,7.469999999999885,1270.0,0.06957193488408622,2.029941216787094,0.5172822566214552,1
1.4823872548703834,7.469999999999885,1271.0,0.06957375386282848,2.0301838384779667,0.5174052020921605,1
1.482269990231046,7.469999999999885,1272.0,0.06957558199243757,2.0304262303798595,0.5175279157691941,1
1.4821527423135121,7.469999999999885,1273.0,0.06957741924904605,2.030668392736967,0.5176503980341189,1
1.4820355112495605,7.469999999999885,1274.0,0.06957926560863652,2.0309103257944017,0.5177726492702002,1
1.4819182971726035,7.459999999999885,1275.0,0.06915892427657518,2.0311520297989154,0.5239638766283483,1
1.4818011002126064,7.459999999999885,1276.0,0.06916075543364394,2.0313935049948864,0.5240861469798432,1
1.4816839204991665,7.459999999999885,1277.0,0.06916259556652203,2.0316347516267252,0.524208187455879,1
1.4815667581630174,7.459999999999885,1278.0,0.06916444465141292,2.031875769940115,0.5243299984390162,1
1.4814496133298602,7.459999999999885,1279.0,0.06916630266525829,2.0321165601770455,0.5244515803030865,1
1.4813324861310866,7.459999999999885,1280.0,0.06916816958412027,2.0323571225844264,0.5245729334327158,1
1.4812153766923686,7.459999999999885,1281.0,0.06917004538488843,2.032597457404905,0.5246940582025306,1
1.481098285141224,7.459999999999885,1282.0,0.0691719300441723,2.032837564882948,0.5248149549909389,1
1.4809812116034524,7.459999999999885,1283.0,0.06917382353879706,2.033077445261986,0.5249356241736451,1
1.480864156204408,7.459999999999885,1284.0,0.06917572584565132,2.0333170987854303,0.5250560661259651,1
1.4807471190690595,7.459999999999885,1285.0,0.06917763694164189,2.033556525696695,0.5251762812229053,1
1.4806301003220723,7.459999999999885,1286.0,0.06917955680372487,2.0337957262392847,0.5252962698393357,1
1.4805131000860052,7.459999999999885,1287.0,0.06918148540913412,2.034034700655335,0.5254160323466934,1
1.4803961184839798,7.459999999999885,1288.0,0.069183422734999,2.0342734491877645,0.5255355691178512,1
1.4802791556380972,7.459999999999885,1289.0,0.06918536875858293,2.03451197207897,0.5256548805242012,1
1.4801622116710949,7.449999999999886,1290.0,0.06876743506078511,2.034750269572185,0.5318341054776514,1
1.4800452867030993,7.449999999999886,1291.0,0.06876936464387466,2.0349883419088624,0.5319534460255346,1
1.4799283808543566,7.449999999999886,1292.0,0.0687713028041358,2.035226189330857,0.5320725623167082,1
1.4798114942450302,7.449999999999886,1293.0,0.06877324951921676,2.035463812080246,0.5321914547200759,1
1.4796946269943219,7.449999999999886,1294.0,0.06877520476684389,2.0357012103986705,0.5323101236032062,1
1.4795777792204217,7.449999999999886,1295.0,0.06877716852491929,2.0359383845272263,0.5324285693321738,1
1.4794609510413694,7.449999999999886,1296.0,0.06877914077130037,2.0361753347072096,0.5325467922731764,1
1.4793441425739535,7.449999999999886,1297.0,0.06878112148404512,2.036412061179194,0.5326647927904964,1
1.4792273539359144,7.449999999999886,1298.0,0.06878311064106077,2.036648564184814,0.5327825712505196,1
1.4791105852425475,7.449999999999886,1299.0,0.06878510822056683,2.03688484396403,0.5329001280155501,1
1.478993836609328,7.449999999999886,1300.0,0.06878711420073373,2.037120900757233,0.5330174634485798,1
1.478877108151509,7.449999999999886,1301.0,0.06878912855977753,2.037356734804918,0.5331345779125556,1
1.4787603999843544,7.449999999999886,1302.0,0.06879115127587743,2.037592346347865,0.5332514717707943,1
1.478643712217939,7.449999999999886,1303.0,0.06879318232799145,2.037827735622978,0.5333681453775341,1
1.4785270449688783,7.449999999999886,1304.0,0.06879522169403027,2.038062902872677,0.5334845990992567,1
1.478410398348679,7.449999999999886,1305.0,0.06879726935271332,2.0382978483355556,0.5336008332934938,1
1.4782937724694185,7.439999999999886,1306.0,0.06838168922263664,2.038532572250941,0.5397683788190579,1
1.4781771674422326,7.439999999999886,1307.0,0.06838371919256477,2.038767074857672,0.5398846524046881,1
1.4780605833770146,7.439999999999886,1308.0,0.0683857573412052,2.0390013563938423,0.5400007075243918,1
1.4779440203850667,7.439999999999886,1309.0,0.06838780364734984,2.039235417098956,0.5401165445362166,1
1.4778274785760142,7.439999999999886,1310.0,0.06838985808999039,2.039469257211415,0.5402321637954799,1
1.4777109580582817,7.439999999999886,1311.0,0.06839192064834303,2.0397028769689327,0.5403475656556638,1
1.4775944589410788,7.439999999999886,1312.0,0.06839399130141403,2.0399362766100864,0.5404627504719823,1
1.4774779813315841,7.439999999999886,1313.0,0.06839607002855382,2.04016945637209,0.5405777185962952,1
1.4773615253357404,7.439999999999886,1314.0,0.06839815680924728,2.0404024164914083,0.5406924703785299,1
1.4772450910629495,7.439999999999886,1315.0,0.06840025162246155,2.0406351572075367,0.5408070061752244,1
1.4771286786182798,7.439999999999886,1316.0,0.06840235444779737,2.0408676787567295,0.5409213263353483,1
1.4770122881075278,7.439999999999886,1317.0,0.06840446526468055,2.0410999813760746,0.5410354312095125,1
1.476895919636187,7.439999999999886,1318.0,0.06840658405264159,2.0413320653026514,0.5411493211480807,1
1.4767795733072007,7.439999999999886,1319.0,0.0684087107915108,2.0415639307717184,0.5412629964970743,1
1.4766632492272378,7.439999999999886,1320.0,0.06841084546059588,2.041795578021791,0.5413764576096247,1
1.476546947496484,7.439999999999886,1321.0,0.06841298804010902,2.0420270072863764,0.5414897048273368,1
1.4764306682209505,7.429999999999886,1322.0,0.0679997329038811,2.042258218803916,0.5476456392040472,1
1.4763144115008846,7.429999999999886,1323.0,0.06800185663343775,2.042489212808433,0.5477589355454378,1
1.4761981774376467,7.429999999999886,1324.0,0.06800398816535021,2.0427199895350783,0.5478720190136668,1
1.4760819661342381,7.429999999999886,1325.0,0.0680061274795186,2.0429505492205475,0.5479848899562088,1
1.475965777692438,7.429999999999886,1326.0,0.06800827455597724,2.0431808921007724,0.5480975487186039,1
1.4758496122091873,7.429999999999886,1327.0,0.06801042937548456,2.043411018408009,0.5482099956378819,1
1.4757334697852902,7.429999999999886,1328.0,0.06801259191818015,2.043640928377838,0.5483222310583742,1
1.475617350521273,7.429999999999886,1329.0,0.06801476216425091,2.0438706222458354,0.5484342553241928,1
1.4755012545149786,7.429999999999886,1330.0,0.06801694009425943,2.044100100245638,0.5485460687748558,1
1.4753851818641939,7.429999999999886,1331.0,0.06801912568877796,2.0443293626110237,0.5486576717500307,1
1.4752691326668528,7.429999999999886,1332.0,0.06802131892831374,2.0445584095761236,0.5487690645899497,1
1.4751531070199737,7.429999999999886,1333.0,0.06802351979349393,2.0447872413745163,0.5488802476334296,1
1.475037105020977,7.429999999999886,1334.0,0.06802572826490771,2.0450158582403333,0.5489912212203101,1
1.4749211267629279,7.429999999999886,1335.0,0.06802794432375224,2.0452442604043615,0.5491019856827342,1
1.4748051723447877,7.429999999999886,1336.0,0.06803016795031636,2.0454724481023705,0.5492125413638684,1
1.4746892418600668,7.429999999999886,1337.0,0.06803239912569661,2.0457004215659365,0.5493228885972208,1
1.4745733354044914,7.419999999999886,1338.0,0.06762144162285506,2.045928181028588,0.5554672750888006,1
1.4744574530695005,7.419999999999886,1339.0,0.06762365286888497,2.04615572672061,0.5555776806831998,1
1.47434159495032,7.419999999999886,1340.0,0.06762587156139734,2.0463830588755325,0.555687878810637,1
1.4742257611416025,7.419999999999886,1341.0,0.0676280976813881,2.046610177726614,0.5557978698072914,1
1.4741099517312608,7.419999999999886,1342.0,0.06763033121081041,2.0468370835018415,0.5559076539973158,1
1.4739941668155891,7.419999999999886,1343.0,0.06763257213042803,2.047063776436182,0.5560172317203793,1
1.47387840648477,7.419999999999886,1344.0,0.06763482042182521,2.047290256759827,0.5561266033052552,1
1.47376267082958,7.419999999999886,1345.0,0.06763707606652239,2.0475165247036538,0.556235769082061,1
1.4736469599410664,7.419999999999886,1346.0,0.06763933904596862,2.047742580498911,0.5563447293816217,1
1.473531273908983,7.419999999999886,1347.0,0.06764160934181467,2.0479684243759917,0.5564534845326548,1
1.4734156128227807,7.419999999999886,1348.0,0.06764388693572007,2.0481940565652264,0.5565620348635678,1
1.4732999767715462,7.419999999999886,1349.0,0.06764617180936795,2.0484194772968087,0.5566703807023219,1
1.4731843658445407,7.419999999999886,1350.0,0.06764846394444857,2.0486446868012598,0.5567785223774397,1
1.4730687801291402,7.419999999999886,1351.0,0.06765076332286364,2.0488696853077366,0.5568864602142296,1
1.4729532197145394,7.419999999999886,1352.0,0.06765306992629666,2.0490944730470333,0.5569941945415364,1
1.472837684684979,7.419999999999886,1353.0,0.06765538373708355,2.0493190502461123,0.557101725679412,1
1.472722175129976,7.419999999999886,1354.0,0.06765770473681235,2.0495434171363582,0.5572090539577328,1
1.472606691135838,7.4099999999998865,1355.0,0.06724899052618187,2.04976757394673,0.56334222110702,1
1.4724912327849824,7.4099999999998865,1356.0,0.06725129051453989,2.0499915209031823,0.563449617135299,1
1.4723758001670375,7.4099999999998865,1357.0,0.06725359759500374,2.050215258237689,0.5635568112451634,1
1.4722603933639926,7.4099999999998865,1358.0,0.06725591175035006,2.050438786176171,0.5636638037532553,1
1.4721450124617041,7.4099999999998865,1359.0,0.06725823296271294,2.0506621049478473,0.5637705949834733,1
1.4720296575437812,7.4099999999998865,1360.0,0.06726056121459766,2.05088521478027,0.5638771852558364,1
1.47191432869373,7.4099999999998865,1361.0,0.0672628964884799,2.051108115901051,0.5639835748903719,1
1.4717990259950033,7.4099999999998865,1362.0,0.06726523876683925,2.0513308085379163,0.5640897642072236,1
1.4716837495293085,7.4099999999998865,1363.0,0.06726758803241628,2.0515532929173235,0.5641957535235567,1
1.471568499379448,7.4099999999998865,1364.0,0.06726994426773454,2.0517755692667556,0.5643015431587217,1
1.4714532756267638,7.4099999999998865,1365.0,0.06727230745557519,2.0519976378126574,0.5644071334296099,1
1.4713380783527055,7.4099999999998865,1366.0,0.0672746775786348,2.052219498781711,0.5645125246535103,1
1.4712229076392447,7.4099999999998865,1367.0,0.06727705461958192,2.0524411524011477,0.5646177171488429,1
1.471107763563695,7.4099999999998865,1368.0,0.06727943856169773,2.052662598894574,0.564722711225746,1
1.4709926462091134,7.4099999999998865,1369.0,0.06728182938745504,2.0528838384903794,0.564827507205,1
1.470877555654438,7.4099999999998865,1370.0,0.06728422707987833,2.0531048714137494,0.5649321054000696,1
1.470762491976943,7.399999999999887,1371.0,0.06687775852845514,2.0533256978886625,0.5710538405662433,1
1.4706474552570497,7.399999999999887,1372.0,0.06688013428180167,2.0535463181417657,0.571158514817572,1
1.4705324455736495,7.399999999999887,1373.0,0.06688251681004753,2.0537667323985986,0.5712629921887893,1
1.470417463001742,7.399999999999887,1374.0,0.0668849060968602,2.053986940881687,0.5713672729865766,1
1.470302507620399,7.399999999999887,1375.0,0.06688730212532933,2.054206943816955,0.5714713575251704,1
1.470187579507971,7.399999999999887,1376.0,0.06688970487863018,2.0544267414298965,0.5715752461177002,1
1.4700726787367813,7.399999999999887,1377.0,0.0668921143407965,2.0546463339412195,0.5716789390664809,1
1.4699578053870117,7.399999999999887,1378.0,0.06689453049472653,2.0548657215781314,0.5717824366883024,1
1.46984295953297,7.399999999999887,1379.0,0.06689695332414188,2.0550849045631985,0.571885739289439,1
1.4697281412500265,7.399999999999887,1380.0,0.06689938281260137,2.0553038831199664,0.5719888471782648,1
1.4696133506125832,7.399999999999887,1381.0,0.06690181894381997,2.0555226574712946,0.5720917606615397,1
1.4694985876953195,7.399999999999887,1382.0,0.0669042617014265,2.0557412278404046,0.5721944800467136,1
1.4693838525721221,7.399999999999887,1383.0,0.06690671106916063,2.055959594449969,0.5722970056399368,1
1.469269145317148,7.399999999999887,1384.0,0.06690916703074842,2.056177757523004,0.5723993377480239,1
1.4691544660029416,7.399999999999887,1385.0,0.06691162957010345,2.0563957172813083,0.5725014766749921,1
1.469039814702288,7.399999999999887,1386.0,0.06691409867108973,2.0566134739470083,0.5726034227254759,1
1.4689251914882817,7.399999999999887,1387.0,0.06691657431753924,2.0568310277425623,0.5727051762048023,1
1.4688105964328129,7.389999999999887,1388.0,0.06651229799480976,2.057048378889569,0.5788158055771144,1
1.4686960296055882,7.389999999999887,1389.0,0.06651475077058618,2.0572655276079543,0.5789176435624339,1
1.4685814910810353,7.389999999999887,1390.0,0.06651721000486659,2.0574824741215805,0.5790192898448896,1
1.4684669809275843,7.389999999999887,1391.0,0.06651967568225166,2.0576992186495344,0.5791207447215936,1
1.4683524992152592,7.389999999999887,1392.0,0.06652214778702682,2.0579157614122963,0.5792220084927016,1
1.4682380460164615,7.389999999999887,1393.0,0.06652462630318354,2.0581321026323787,0.579323081462841,1
1.4681236213981845,7.389999999999887,1394.0,0.06652711121544831,2.058348242527991,0.5794239639269363,1
1.468009225431618,7.389999999999887,1395.0,0.06652960250797646,2.0585641813208455,0.5795246561876857,1
1.4678948581843587,7.389999999999887,1396.0,0.06653210016537715,2.058779919229829,0.5796251585413881,1
1.4677805197258704,7.389999999999887,1397.0,0.06653460417203323,2.058995456475437,0.5797254712878765,1
1.467666210123354,7.389999999999887,1398.0,0.06653711451258947,2.059210793276411,0.5798255947229944,1
1.4675519294450259,7.389999999999887,1399.0,0.06653963117157366,2.059425929852409,0.57992552914457,1
1.467437677757847,7.389999999999887,1400.0,0.06654215413369614,2.059640866422152,0.5800252748482717,1
1.4673234551302043,7.389999999999887,1401.0,0.06654468338340663,2.059855603205605,0.5801248321324943,1
1.4672092616257597,7.389999999999887,1402.0,0.0665472189058777,2.060070140418987,0.5802242012871661,1
1.4670950973121093,7.389999999999887,1403.0,0.06654976068566819,2.060284478281766,0.5803233826094734,1
1.4669809622552143,7.389999999999887,1404.0,0.0665523087075722,2.0604986170121995,0.5804223763937875,1
1.4668668565211762,7.379999999999887,1405.0,0.06615020040705143,2.060712556828699,0.5865219514545534,1
1.4667527801736926,7.379999999999887,1406.0,0.06615272469646517,2.0609262979478418,0.5866210377511325,1
1.4666387332785134,7.379999999999887,1407.0,0.06615525514581877,2.0611398405879107,0.5867199373413099,1
1.4665247158997363,7.379999999999887,1408.0,0.066157791740216,2.0613531849659443,0.5868186505162263,1
1.4664107281010321,7.379999999999887,1409.0,0.06616033446487389,2.0615663312986876,0.5869171775663402,1
1.4662967699459593,7.379999999999887,1410.0,0.06616288330497012,2.0617792798028933,0.5870155187820463,1
1.466182841496411,7.379999999999887,1411.0,0.06616543824592525,2.0619920306940016,0.5871136744507937,1
1.4660689428177016,7.379999999999887,1412.0,0.06616799927267683,2.0622045841903196,0.58721164486638,1
1.4659550739713347,7.379999999999887,1413.0,0.066170566370677,2.06241694050712,0.5873094303157764,1
1.4658412350199124,7.379999999999887,1414.0,0.06617313952522545,2.062629099860634,0.5874070310880581,1
1.4657274260236386,7.379999999999887,1415.0,0.06617571872197218,2.0628410624652056,0.5875044474680406,1
1.465613647046144,7.379999999999887,1416.0,0.06617830394602643,2.0630528285380354,0.5876016797468839,1
1.4654998981464313,7.379999999999887,1417.0,0.06618089518320809,2.0632643982926133,0.5876987282074195,1
1.465386179386543,7.379999999999887,1418.0,0.06618349241884101,2.0634757719449683,0.5877955931381169,1
1.465272490826125,7.379999999999887,1419.0,0.06618609563862247,2.0636869497092403,0.5878922748231843,1
1.4651588325261957,7.379999999999887,1420.0,0.06618870482802175,2.0638979318007413,0.5879887735494225,1
1.4650452045452187,7.379999999999887,1421.0,0.06619131997289662,2.064108718432758,0.5880850895990726,1
1.4649316069441123,7.379999999999887,1422.0,0.06619394105869837,2.064319309820638,0.5881812232589485,1
1.464818039779626,7.369999999999887,1423.0,0.06579394713880658,2.064529706176385,0.5942700735590967,1
1.4647045031119572,7.369999999999887,1424.0,0.06579654363265233,2.0647399077148676,0.5943663078236747,1
1.4645909970003153,7.369999999999887,1425.0,0.06579914598984707,2.0649499146501973,0.5944623604944168,1
1.464477521499505,7.369999999999887,1426.0,0.06580175419678642,2.065159727192951,0.5945582318470919,1
1.4643640766711354,7.369999999999887,1427.0,0.0658043682388982,2.065369345559294,0.5946539221699263,1
1.4642506625689287,7.369999999999887,1428.0,0.06580698810276533,2.0655787699590182,0.5947494317368904,1
1.4641372792520833,7.369999999999887,1429.0,0.06580961377412274,2.065788000606428,0.5948447608320044,1
1.4640239267766353,7.369999999999887,1430.0,0.06581224523921275,2.0659970377132924,0.5949399097336128,1
1.4639106051999091,7.369999999999887,1431.0,0.06581488248404531,2.066205881492472,0.5950348787224844,1
1.463797314574472,7.369999999999887,1432.0,0.06581752549531217,2.066414532152996,0.5951296680708107,1
1.4636840549602044,7.369999999999887,1433.0,0.0658201742586656,2.0666229899099084,0.5952242780641852,1
1.4635708264095812,7.369999999999887,1434.0,0.06582282876078278,2.0668312549722345,0.5953187089747745,1
1.4634576289786956,7.369999999999887,1435.0,0.06582548898785676,2.0670393275520103,0.5954129610814292,1
1.4633444627224887,7.369999999999887,1436.0,0.0658281549261856,2.0672472078603605,0.5955070346609665,1
1.4632313276952573,7.369999999999887,1437.0,0.06583082656221857,2.067454896107921,0.5956009299891021,1
1.463118223950484,7.369999999999887,1438.0,0.0658335038824474,2.06766239250471,0.5956946473401501,1
1.463005151540566,7.369999999999887,1439.0,0.06583618687356825,2.0678696972598782,0.5957881869864996,1
1.4628921105213166,7.3599999999998875,1440.0,0.06543831513984587,2.0680768105854197,0.6018660754494707,1
1.4627791009450382,7.3599999999998875,1441.0,0.06544097280726872,2.068283732690481,0.6019597228613085,1
1.4626661228642888,7.3599999999998875,1442.0,0.06544363607183504,2.068490463784454,0.6020531933349684,1
1.46255317633169,7.3599999999998875,1443.0,0.06544630492024232,2.068697004076814,0.6021464871432674,1
1.4624402613988907,7.3599999999998875,1444.0,0.06544897933933644,2.0689033537762707,0.6022396045573197,1
1.4623273781191484,7.3599999999998875,1445.0,0.0654516593157058,2.069109513092872,0.6023325458512208,1
1.4622145265418491,7.3599999999998875,1446.0,0.06545434483650617,2.0693154822335424,0.6024253112920956,1
1.4621017067194768,7.3599999999998875,1447.0,0.06545703588842046,2.0695212614077487,0.6025179011527508,1
1.4619889187014599,7.3599999999998875,1448.0,0.06545973245860714,2.069726850822503,0.6026103157005065,1
1.46187616254164,7.3599999999998875,1449.0,0.06546243453351062,2.0699322506884354,0.6027025552107625,1
1.4617634382862543,7.3599999999998875,1450.0,0.06546514210073832,2.0701374612099968,0.602794619945139,1
1.461650745989047,7.3599999999998875,1451.0,0.06546785514676622,2.070342482597776,0.6028865101789638,1
1.4615380856964304,7.3599999999998875,1452.0,0.06547057365912728,2.0705473150564124,0.6029782261742844,1
1.46142545746009,7.3599999999998875,1453.0,0.06547329762461367,2.070751958794863,0.6030697682027952,1
1.4613128613276232,7.3599999999998875,1454.0,0.06547602703055397,2.0709564140187604,0.603161136528791,1
1.4612002973490184,7.3599999999998875,1455.0,0.06547876186397221,2.0711606809357224,0.6032523314209859,1
1.4610877655722576,7.3599999999998875,1456.0,0.06548150211214235,2.071364759751729,0.6033433531444721,1
1.4609752660454165,7.3599999999998875,1457.0,0.06548424776234073,2.071568650672859,0.6034342019645655,1
1.4608627988172938,7.349999999999888,1458.0,0.06508844557285878,2.071772353905804,0.6095014548237045,1
1.4607503639337267,7.349999999999888,1459.0,0.06509116516838512,2.0719758696548367,0.6095924186526138,1
1.4606379614424234,7.349999999999888,1460.0,0.0650938900964785,2.072179198125783,0.6096832103091869,1
1.4605255913929258,7.349999999999888,1461.0,0.06509662034425821,2.072382339525961,0.6097738300613298,1
1.4604132538276613,7.349999999999888,1462.0,0.06509935589984212,2.072585294056912,0.6098642781640775,1
1.4603009487962184,7.349999999999888,1463.0,0.06510209675034115,2.0727880619260177,0.6099545548855076,1
1.4601886763441327,7.349999999999888,1464.0,0.0651048428834167,2.07299064333736,0.6100446604863683,1
1.4600764365176613,7.349999999999888,1465.0,0.06510759428664843,2.073193038495627,0.6101345952287653,1
1.4599642293615909,7.349999999999888,1466.0,0.06511035094779895,2.0733952476043065,0.6102243593721624,1
1.4598520549222227,7.349999999999888,1467.0,0.06511311285442377,2.0735972708681283,0.6103139531788118,1
1.4597399132423734,7.349999999999888,1468.0,0.0651158799945658,2.073799108488976,0.6104033769046551,1
1.4596278043694513,7.349999999999888,1469.0,0.0651186523555923,2.0740007606724995,0.6104926308140322,1
1.4595157283459002,7.349999999999888,1470.0,0.06512142992558681,2.0742022276202876,0.6105817151622748,1
1.459403685216438,7.349999999999888,1471.0,0.06512421269232466,2.074403509535788,0.6106706302088807,1
1.4592916750261065,7.349999999999888,1472.0,0.06512700064348716,2.074604606622715,0.6107593762139687,1
1.4591796978180727,7.349999999999888,1473.0,0.06512979376704367,2.0748055190832586,0.610847953434281,1
1.4590677536348864,7.349999999999888,1474.0,0.06513259205103712,2.0750062471190924,0.6109363621254527,1
1.4589558425204452,7.349999999999888,1475.0,0.06513539548333129,2.075206790932993,0.6110246025456014,1
1.4588439645182925,7.339999999999888,1476.0,0.06474164165412902,2.0754071507274454,0.6170812592048875,1
1.4587321196685752,7.339999999999888,1477.0,0.06474441836029936,2.0756073267021615,0.617169621476473,1
1.4586203080151456,7.339999999999888,1478.0,0.06474720014899164,2.0758073190598623,0.6172578161783004,1
1.4585085296006224,7.339999999999888,1479.0,0.06474998700832163,2.07600712800227,0.6173458435660395,1
1.4583967844657446,7.339999999999888,1480.0,0.06475277892662681,2.0762067537295517,0.6174337038919531,1
1.4582850726524321,7.339999999999888,1481.0,0.06475557589210254,2.0764061964428415,0.6175213974104765,1
1.4581733942021697,7.339999999999888,1482.0,0.06475837789298079,2.076605456342903,0.6176089243752676,1
1.4580617491549392,7.339999999999888,1483.0,0.06476118491771117,2.076804533629267,0.617696285037274,1
1.4579501375535593,7.339999999999888,1484.0,0.06476399695434688,2.0770034285037653,0.6177834796526087,1
1.4578385594347048,7.339999999999888,1485.0,0.06476681399178995,2.077202141163216,0.6178705084662495,1
1.457727014843245,7.339999999999888,1486.0,0.06476963601777234,2.0774006718110956,0.6179573717380595,1
1.457615503814437,7.339999999999888,1487.0,0.06477246302141225,2.0775990206430306,0.6180440697104554,1
1.4575040263915766,7.339999999999888,1488.0,0.06477529499065762,2.0777971878611967,0.6181306026404776,1
1.4573925826125826,7.339999999999888,1489.0,0.06477813191423462,2.0779951736633726,0.6182169707754108,1
1.4572811725168526,7.339999999999888,1490.0,0.06478097378062145,2.0781929782485125,0.6183031743652208,1
1.4571697961434686,7.339999999999888,1491.0,0.06478382057838997,2.0783906018153084,0.6183892136593212,1
1.457058453530357,7.339999999999888,1492.0,0.06478667229622152,2.0785880445614873,0.6184750889050266,1
1.4569471447168991,7.339999999999888,1493.0,0.06478952892261831,2.0787853066859383,0.6185608003522978,1
1.4568358697405763,7.329999999999888,1494.0,0.06439780319669033,2.078982388386,0.6246068961428581,1
1.4567246286398263,7.329999999999888,1495.0,0.06440063248110363,2.0791792898597583,0.6246927359049652,1
1.4566134214520667,7.329999999999888,1496.0,0.0644034666118473,2.0793760113044497,0.6247784125405693,1
1.4565022482147196,7.329999999999888,1497.0,0.06440630557779317,2.079572552917285,0.6248639262958848,1
1.4563911089647126,7.329999999999888,1498.0,0.06440914936779832,2.0797689148950713,0.6249492774162535,1
1.456280003737966,7.329999999999888,1499.0,0.0644119979709172,2.079965097433738,0.6250344661451566,1
