Mass,Radius,Pressure,k2,yR,yR_ext,Type
0.06132108038253926,4.789999999999942,1.5,0.7067432577572288,1.9842495840420173,-1.0195993051699432,1
0.06729447147226406,4.939999999999939,1.6,0.7030994665158424,1.9832092254617124,-1.019289275250609,1
0.0734065225277996,5.089999999999936,1.7000000000000002,0.7052044025139436,1.9821720382911046,-1.0287536376762578,1
0.0796487908603891,5.229999999999933,1.8000000000000003,0.7020123566743957,1.9811380172321982,-1.029144236708787,1
0.08601351762191467,5.35999999999993,1.9000000000000004,0.6936206334453756,1.980107156955874,-1.0204990207250821,1
0.09249354140074055,5.489999999999927,2.0000000000000004,0.6896075718233031,1.9790794521052013,-1.0193025632579,1
0.0990822268593987,5.619999999999925,2.1000000000000005,0.6893010256031777,1.9780548972940861,-1.024524684412116,1
0.10577340507842023,5.739999999999922,2.2000000000000006,0.6832551537063866,1.9770334871144337,-1.0196476262484055,1
0.1125613233889697,5.8599999999999195,2.3000000000000007,0.6803874652714937,1.976015216123489,-1.0202827298450179,1
0.11944060254239791,5.979999999999917,2.400000000000001,0.6802840995194125,1.9750000788554811,-1.0257712754729058,1
0.1264062000406375,6.089999999999915,2.500000000000001,0.6743114005984969,1.9739880698243222,-1.0207913563132411,1
0.13345337859483722,6.199999999999912,2.600000000000001,0.6708249616645978,1.9729791835106965,-1.0201594621395467,1
0.14057767852182906,6.30999999999991,2.700000000000001,0.6695275399434532,1.9719734143755965,-1.023414336958729,1
0.14777489373688615,6.409999999999908,2.800000000000001,0.6624535928493767,1.970970756855531,-1.0161637021776917,1
0.15504105060967543,6.509999999999906,2.9000000000000012,0.6574299470342816,1.9699712053631768,-1.0125092204386918,1
0.1623723892688959,6.6099999999999035,3.0000000000000013,0.6542183755544394,1.9689747542891698,-1.0121045957003776,1
0.16976534702530904,6.709999999999901,3.1000000000000014,0.6526298661730132,1.9679813980010004,-1.0146518446483916,1
0.17721654355597669,6.809999999999899,3.2000000000000015,0.6525139106053919,1.966991130845834,-1.0198932574641197,1
0.18472276767897358,6.899999999999897,3.3000000000000016,0.646763615236977,1.966003947148225,-1.0146268486498138,1
0.1922809654345048,6.989999999999895,3.4000000000000017,0.6424635704783502,1.9650198412116646,-1.0119646501341162,1
0.19988822930243777,7.0799999999998935,3.5000000000000018,0.6394700625343169,1.9640388073229174,-1.0116937131589352,1
0.20754178856660999,7.169999999999892,3.600000000000002,0.6376651450537959,1.9630608397436997,-1.0136267092807072,1
0.21523900034734386,7.25999999999989,3.700000000000002,0.6369517811971506,1.9620859327246591,-1.0175982443400906,1
0.22297734174486078,7.339999999999888,3.800000000000002,0.6308750494286023,1.9611140804868854,-1.011296407922151,1
0.23075440228911348,7.429999999999886,3.900000000000002,0.6321640714439253,1.9601452772440753,-1.019041866043349,1
0.2385678773809343,7.509999999999884,4.000000000000002,0.6281192165592034,1.9591795171856703,-1.016520746648241,1
0.2464155620569096,7.589999999999883,4.100000000000002,0.6250260785851813,1.958216794484052,-1.0157665708171337,1
0.2542953452821812,7.669999999999881,4.200000000000003,0.6228089922565688,1.9572571032980313,-1.0166611058925503,1
0.2622052047636536,7.749999999999879,4.3000000000000025,0.6214038438336359,1.9563004377678352,-1.019098052671301,1
0.27014320207329373,7.819999999999878,4.400000000000002,0.6149447186618586,1.9553467920204881,-1.011584949083779,1
0.2781074782476654,7.899999999999876,4.500000000000003,0.6150550302846614,1.9543961601620372,-1.0169273944502188,1
0.28609624952318385,7.9699999999998745,4.600000000000003,0.6101738927592238,1.9534485362889107,-1.012367018295756,1
0.29410780355455696,8.039999999999873,4.700000000000003,0.606046258709285,1.9525039144808378,-1.009208852474755,1
0.3021404958003457,8.119999999999871,4.8000000000000025,0.6080816346382923,1.951562288803406,-1.0183285669415105,1
0.3101927461637105,8.18999999999987,4.900000000000003,0.6052191338944618,1.9506236533093788,-1.0176327039024233,1
0.3182630358881542,8.259999999999868,5.0,0.6029686685158567,1.9496880020370193,-1.0181164349490006,1
0.3996624748617956,8.889999999999855,6.0,0.5734614136515004,1.940494301302894,-1.005916164812827,1
0.48155762620374926,9.449999999999843,7.0,0.551800035918446,1.93159238131086,-1.005573667916789,1
0.5631114078769649,9.939999999999833,8.0,0.5296903528150685,1.9229761192312882,-1.0001406643998574,1
0.6437361051570417,10.379999999999823,9.0,0.5103540701628926,1.9146393350878552,-0.9971874152200557,1
0.7230179441955182,10.779999999999815,10.0,0.4937571650854707,1.90657581941388,-0.9973702431666593,1
0.8006677185891133,11.139999999999807,11.0,0.4774557112251934,1.8987793571162273,-0.9951277912417542,1
0.8764870986158476,11.4699999999998,12.0,0.4628602905472106,1.8912437479925928,-0.9942893806108783,1
0.9503449211471016,11.759999999999794,13.0,0.4459686856444247,1.8839628243361437,-0.9843204874588545,1
1.0221601063063606,12.039999999999788,14.0,0.4339257965400955,1.876930465971608,-0.9848866237601299,1
1.0918891208569035,12.289999999999782,15.0,0.42058530766457897,1.8701406130575382,-0.9792923810421184,1
1.159516644618181,12.519999999999778,16.0,0.407916712082758,1.863587276906277,-0.973138391047959,1
1.225048540776367,12.739999999999773,17.0,0.3975766408881766,1.857264549091654,-0.9717574566051088,1
1.2885065131598863,12.939999999999769,18.0,0.38687957822130714,1.8511666090352763,-0.9672004216342176,1
1.3499240161693444,13.129999999999765,19.0,0.37757103319376994,1.8452877302707287,-0.9650996938718222,1
1.409343106293485,13.299999999999761,20.0,0.36737708637807787,1.8396222855492743,-0.9581961426589998,1
1.4668120088673307,13.469999999999757,21.0,0.35983617328114526,1.8341647509248642,-0.9584412650263918,1
1.5223832324306026,13.619999999999754,22.0,0.35100817178237786,1.8289097089553426,-0.9526518112801827,1
1.5761121057181848,13.759999999999751,23.0,0.34258024766078465,1.8238518511270618,-0.9465931689016449,1
1.6280556427641841,13.889999999999748,24.0,0.3343968486054977,1.818985979602409,-0.939805222407891,1
1.678271664098105,14.019999999999746,25.0,0.32789657578635445,1.8143070083773059,-0.9377860687462523,1
1.7268181185947535,14.139999999999743,26.0,0.3213191786082896,1.8098099639272236,-0.9341828553596863,1
1.773752563175714,14.24999999999974,27.0,0.31459613988530205,1.8054899854084618,-0.9287264906087838,1
1.819131766979487,14.359999999999738,28.0,0.30910073626488094,1.8013423244749653,-0.9268846642008761,1
1.8630114139019813,14.449999999999736,29.0,0.3018997971107784,1.797362344763157,-0.917009642142294,1
1.905445882920187,14.549999999999734,30.0,0.29712063648777987,1.793545521091736,-0.9158580581005937,1
1.9464880901234363,14.639999999999732,31.0,0.29190547937799954,1.7898874384175338,-0.9119102040280975,1
1.986189379137529,14.71999999999973,32.0,0.28624666167070795,1.7863837905838404,-0.9050525603489561,1
2.0245994503967646,14.799999999999729,33.0,0.28138562656979355,1.7830303788931077,-0.9006288640805922,1
2.0617663203799186,14.869999999999727,34.0,0.2760191556082335,1.7798231105317492,-0.8930282228796325,1
2.097736304822538,14.939999999999726,35.0,0.27133675503978505,1.7767579968728897,-0.887536556584889,1
2.1325540203810904,15.009999999999724,36.0,0.2672638736890544,1.7738311516780116,-0.8839754418391979,1
2.166262400666659,15.069999999999723,37.0,0.2626083887594582,1.7710387892169526,-0.8769127584644925,1
2.1989027233100384,15.129999999999722,38.0,0.2584900149467538,1.768377222323805,-0.8715509211246497,1
2.2305146453323026,15.18999999999972,39.0,0.25485466519048017,1.7658428604034184,-0.8677557322588747,1
2.261136244534024,15.24999999999972,40.0,0.2516560389453265,1.7634322073979556,-0.8654076971835161,1
2.290804065592248,15.299999999999718,41.0,0.2478135794133536,1.761141859735161,-0.8592587163371264,1
2.3195531687851885,15.349999999999717,42.0,0.2443680893185048,1.7589685042507892,-0.854408988893238,1
2.3474171810654756,15.389999999999716,43.0,0.24028603760095618,1.7569089161155877,-0.8456880522495325,1
2.3744283478910075,15.439999999999715,44.0,0.23754667218073766,1.754959956754742,-0.8431896701593491,1
2.4006175855315997,15.479999999999714,45.0,0.2341449451112446,1.7531185717775088,-0.8367112346143968,1
2.4260145331998935,15.519999999999714,46.0,0.2310490831951411,1.751381788920068,-0.8312535633314793,1
2.4506476045600762,15.559999999999713,47.0,0.22823337184377213,1.7497467160053177,-0.8267479719018413,1
2.474544038374297,15.589999999999712,48.0,0.22476424739695686,1.7482105389275475,-0.8181903521144036,1
2.497729947810585,15.629999999999711,49.0,0.22245598368955488,1.7467705196546617,-0.8154280946254029,1
2.520230368638712,15.65999999999971,50.0,0.219483724036107,1.7454239942701808,-0.8085494172253156,1
2.542069305722183,15.68999999999971,51.0,0.2167387518054798,1.7441683710354186,-0.8024436393647858,1
2.5632697781267577,15.71999999999971,52.0,0.21420359198663438,1.7430011284944233,-0.7970627995506356,1
2.583853862413473,15.749999999999709,53.0,0.21186260539111612,1.7419198136031147,-0.7923629286433764,1
2.6038427344409745,15.779999999999708,54.0,0.2097017576023181,1.740922039903658,-0.7883036548090439,1
2.6232567094155934,15.799999999999708,55.0,0.2068925121482681,1.7400054857308607,-0.7800598906087342,1
2.642115280307803,15.829999999999707,56.0,0.20506478766308692,1.7391678924574638,-0.7771894873722969,1
2.6604371546749106,15.849999999999707,57.0,0.20258834540759246,1.7384070627806507,-0.7701046561556171,1
2.678240289792324,15.869999999999706,58.0,0.20026738372657316,1.7377208590408413,-0.7635606942518123,1
2.6955419263576292,15.889999999999706,59.0,0.1980912858447761,1.7371072015892186,-0.7575273856534941,1
2.712358620543921,15.909999999999705,60.0,0.19605040603967464,1.7365640671843392,-0.7519767457657192,1
2.728706274659744,15.929999999999705,61.0,0.19413596235606045,1.7360894874329835,-0.7468828253765176,1
2.744600166435599,15.949999999999704,62.0,0.19233994318273395,1.7356815472736156,-0.7422215345817962,1
2.760054976813416,15.969999999999704,63.0,0.19065502568608553,1.7353383834869052,-0.7379704845187114,1
2.7750848165928272,15.979999999999704,64.0,0.18835195654113365,1.7350581832583418,-0.7294791576186732,1
2.7897032517065674,15.999999999999703,65.0,0.18687691213618032,1.7348391827685277,-0.7260002553487472,1
2.803923327293149,16.009999999999703,66.0,0.18478880286478333,1.7346796658196788,-0.7182731874907193,1
2.8177575907673975,16.019999999999705,67.0,0.1828034855652971,1.7345779625126785,-0.7109084030841528,1
2.8312181136213463,16.039999999999708,68.0,0.18160132473296933,1.734532447943539,-0.7084542522940089,1
2.8443165122482683,16.04999999999971,69.0,0.179795015089525,1.7345415409411293,-0.7017459013878931,1
2.85706396783195,16.05999999999971,70.0,0.17807488292211043,1.7346037028461312,-0.6953499918801944,1
2.8694712451808413,16.069999999999713,71.0,0.17643606060117112,1.734717436312632,-0.6892517358809354,1
2.8815487107530044,16.079999999999714,72.0,0.17487404247852248,1.7348812841528083,-0.6834372635039287,1
2.893306349762833,16.089999999999716,73.0,0.1733846521423492,1.7350938282076072,-0.677893555053571,1
2.904753782534245,16.099999999999717,74.0,0.17196401313691045,1.735353688256345,-0.6726083789652415,1
2.915900279923218,16.10999999999972,75.0,0.17060852276875849,1.7356595209388823,-0.6675702351391215,1
2.9267547783109924,16.11999999999972,76.0,0.16931482854449809,1.7360100187449137,-0.6627683027225297,1
2.93732589353139,16.129999999999722,77.0,0.1680798070542246,1.7364039089889458,-0.6581923925296482,1
2.9476219343994563,16.129999999999722,78.0,0.16628270333053385,1.7368399528462097,-0.6493920258617729,1
2.9576509154712824,16.139999999999723,79.0,0.16516161947313954,1.7373169443998213,-0.6452494738636338,1
2.967420569266371,16.149999999999725,80.0,0.16409078351843878,1.7378337097230896,-0.6413052903459706,1
2.976938357925604,16.149999999999725,81.0,0.1624674088327438,1.7383891059895296,-0.633143373731768,1
2.9862114842598277,16.159999999999727,82.0,0.1614945248152269,1.7389820205994881,-0.6295804679399077,1
2.9952469023479003,16.159999999999727,83.0,0.15997586663508104,1.7396113703404192,-0.6218061471667378,1
3.0040513276277143,16.169999999999728,84.0,0.1590917622440148,1.7402761005692367,-0.6185941319657031,1
3.012631246531611,16.169999999999728,85.0,0.15766829303132218,1.7409751844196641,-0.6111770286685658,1
3.0209929256533816,16.169999999999728,86.0,0.15629227241623322,1.7417076220286667,-0.6039341679849533,1
3.029142420502094,16.17999999999973,87.0,0.15552821239129408,1.7424724397859013,-0.6012015373136266,1
3.0370855839393283,16.17999999999973,88.0,0.1542349294565558,1.7432686896174696,-0.5942756658664734,1
3.0448280740939553,16.17999999999973,89.0,0.15298310435304321,1.744095448268926,-0.5875049216375314,1
3.0523753620285876,16.18999999999973,90.0,0.15232350340801015,1.744951816625589,-0.5851985421184571,1
3.059732739034609,16.18999999999973,91.0,0.1511440262677988,1.7458369190484284,-0.5787104030475854,1
3.066905323580076,16.18999999999973,92.0,0.1500009805443361,1.7467499027256492,-0.5723609906454605,1
3.07389806799107,16.18999999999973,93.0,0.14889281530457774,1.747689937049874,-0.5661452609730504,1
3.0807157647967585,16.18999999999973,94.0,0.14781806509765424,1.748656213006664,-0.5600584130314277,1
3.087363052824124,16.18999999999973,95.0,0.1467753441927996,1.7496479425853908,-0.5540958747626672,1
3.093844423023661,16.18999999999973,96.0,0.1457633412749418,1.7506643582068775,-0.5482532899860639,1
3.1001642239962575,16.18999999999973,97.0,0.14478081456300732,1.7517047121595268,-0.5425265062383369,1
3.1063266674104564,16.199999999999733,98.0,0.1443446530698802,1.7527682760747199,-0.5411569512821879,1
3.112335832999958,16.199999999999733,99.0,0.1434136319216956,1.7538543403841984,-0.5356418737553803,1
3.118195673502205,16.199999999999733,100.0,0.14250885865164298,1.754962213820779,-0.5302314856436101,1
3.1239100193184455,16.18999999999973,101.0,0.14112282444578692,1.7560912229212666,-0.5207008424289896,1
3.129482582983897,16.18999999999973,102.0,0.14027118831404128,1.7572407115450215,-0.5154971472708554,1
3.1349169634622998,16.18999999999973,103.0,0.13944280777673876,1.7584100404087337,-0.5103880259353084,1
3.1402166502453115,16.18999999999973,104.0,0.1386368188343848,1.759598586631761,-0.5053704702951807,1
3.145385027295185,16.18999999999973,105.0,0.1378523990909303,1.7608057432971558,-0.500441602617967,1
3.150425376819972,16.18999999999973,106.0,0.137088765301231,1.7620309190246466,-0.49559866877143954,1
3.155340882894977,16.18999999999973,107.0,0.13634517108895608,1.7632735375561854,-0.4908390318365703,1
3.1601346349129913,16.18999999999973,108.0,0.1356209048245298,1.7645330373487906,-0.48616016612234314,1
3.1648096309166385,16.18999999999973,109.0,0.13491528764414193,1.765808871183534,-0.4815596515141096,1
3.1693687808457858,16.17999999999973,110.0,0.13375223089007873,1.7671005057962204,-0.47287936236051986,1
3.1738149095134944,16.17999999999973,111.0,0.13308476888259008,1.7684074214895609,-0.4684345073131708,1
3.1781507596103187,16.17999999999973,112.0,0.13243402237951427,1.769729111786894,-0.4640611646471602,1
3.1823789945151506,16.17999999999973,113.0,0.13179942903816216,1.7710650830806431,-0.45975729102839824,1
3.1865022010079023,16.17999999999973,114.0,0.1311804510530555,1.772414854293493,-0.45552092482302275,1
3.1905228918542146,16.169999999999728,115.0,0.13011619622953075,1.773777956544565,-0.4472270303934416,1
3.194443508338593,16.169999999999728,116.0,0.1295293337655566,1.7751539328359558,-0.44312516186418693,1
3.1982664226571096,16.169999999999728,117.0,0.1289565449793019,1.776542337739106,-0.4390852296043666,1
3.2019939402136175,16.159999999999727,118.0,0.12794592286775824,1.7779427370891232,-0.4310022629727792,1
3.205628301877362,16.159999999999727,119.0,0.12740216348039765,1.77935470769895,-0.42708591435354815,1
3.2091716860859814,16.159999999999727,120.0,0.1268711271038802,1.780777837066361,-0.4232265591863975,1
3.2126262109165338,16.159999999999727,121.0,0.1263524189834386,1.7822117231000356,-0.41942271554992727,1
3.215993936060262,16.149999999999725,122.0,0.12540455614662022,1.7836559738493856,-0.41159257024378526,1
3.2192768647398187,16.149999999999725,123.0,0.12491137131856155,1.7851102072460083,-0.40789968366293516,1
3.2224769454761586,16.149999999999725,124.0,0.12442937382295166,1.786574050833752,-0.4042580715991895,1
3.225596073969249,16.139999999999723,125.0,0.12352473674124287,1.7880471415491341,-0.39660325687369746,1
3.228636094671036,16.139999999999723,126.0,0.12306596092952418,1.7895291254511678,-0.3930642488157565,1
3.2315988024893016,16.129999999999722,127.0,0.12218926363299022,1.7910196575038948,-0.3855220950140841,1
3.234485944339419,16.129999999999722,128.0,0.1217522905525872,1.7925184013435556,-0.38208054329386343,1
3.237299220665061,16.129999999999722,129.0,0.12132487495899291,1.7940250290584037,-0.3786841465735238,1
3.24004028689163,16.11999999999972,130.0,0.12048547047923239,1.7955392209716963,-0.3712967726631202,1
3.2427107548459313,16.11999999999972,131.0,0.12007797405786474,1.7970606654353996,-0.36799087484520343,1
3.2453121940920124,16.10999999999972,132.0,0.11926282519671084,1.7985890586213649,-0.3607034529664972,1
3.2478461332558037,16.10999999999972,133.0,0.1188740805341991,1.8001241043275025,-0.3574837474468393,1
3.250314061261553,16.10999999999972,134.0,0.11849355633325688,1.8016655137788369,-0.3543040898931811,1
3.252717428600335,16.099999999999717,135.0,0.11771080192542482,1.8032130054536064,-0.3471542110342627,1
3.255057648448112,16.099999999999717,136.0,0.11734747431147001,1.8047663048868485,-0.3440549076331858,1
3.257336097799593,16.089999999999716,137.0,0.1165859174698776,1.8063251444934039,-0.336994276122524,1
3.259554118604826,16.089999999999716,138.0,0.11623881782324921,1.8078892634071266,-0.3339716978937517,1
3.2617130187838903,16.079999999999714,139.0,0.11549736314534802,1.809458407302682,-0.3269964717928775,1
3.2638140732120173,16.079999999999714,140.0,0.11516559138642687,1.8110323282233742,-0.32404722498549976,1
3.2658585248186878,16.079999999999714,141.0,0.11484053952252432,1.812610784453648,-0.3211321931535105,1
3.267847585381261,16.069999999999713,142.0,0.11412593695746874,1.8141935403226037,-0.31427471196975243,1
3.2697824365784145,16.069999999999713,143.0,0.1138150086672108,1.8157803660906957,-0.31142839281764134,1
3.271664230775681,16.05999999999971,144.0,0.11311812242170619,1.817371037776109,-0.3046478049266743,1
3.2734940919183746,16.05999999999971,145.0,0.11282056289023296,1.8189653370224683,-0.3018673114440358,1
3.2752731163863738,16.04999999999971,146.0,0.11214053122161745,1.8205630509681157,-0.29516054048766294,1
3.277002373704668,16.04999999999971,147.0,0.11185563621072561,1.8221639720863232,-0.292443162898941,1
3.2786829074210084,16.039999999999708,148.0,0.11119165298288838,1.8237678980834897,-0.28580731621778077,1
3.280315735762273,16.039999999999708,149.0,0.1109187647403475,1.8253746317457686,-0.2831505085762238,1
3.2819018524313686,16.029999999999706,150.0,0.11027007503075047,1.826983980835821,-0.27658286357761974,1
3.283442227228283,16.029999999999706,151.0,0.11000857857933055,1.8285957579495196,-0.2739842314725687,1
3.284937806777673,16.019999999999705,152.0,0.10937447470346216,1.8302097804128015,-0.2674822232413243,1
3.286389515159966,16.019999999999705,153.0,0.10912379448543755,1.8318258701603485,-0.26493951263793347,1
3.2877982545347613,16.009999999999703,154.0,0.10850361237971182,1.8334438536217854,-0.25850072255798673,1
3.289164905775561,16.009999999999703,155.0,0.10826320920332498,1.835063561616481,-0.25601180954237557,1
3.290490329042678,15.999999999999703,156.0,0.1076563251338568,1.8366848292458564,-0.2496339548731057,1
3.29177536434422,15.999999999999703,157.0,0.10742569339620452,1.838307495783705,-0.24719683625663058,1
3.2930208321249506,15.989999999999704,158.0,0.10683152096279187,1.839931404586238,-0.24087776059279897,1
3.294227533771897,15.979999999999704,159.0,0.10624462843955668,1.841556402984488,-0.23459045829890735,1
3.295396252121413,15.979999999999704,160.0,0.1060281735198583,1.8431823421845637,-0.2322282097911088,1
3.2965277520105385,15.969999999999704,161.0,0.10545315156744725,1.8448090771897931,-0.22599662016016064,1
3.2976227807214578,15.969999999999704,162.0,0.10524531731561765,1.8464364666939195,-0.22368158630004875,1
3.298682068452169,15.959999999999704,163.0,0.10468166255566953,1.8480643729949917,-0.2175038340609432,1
3.299706328830948,15.959999999999704,164.0,0.10448204332255262,1.8496926619266778,-0.21523437301776727,1
3.3006962592507003,15.949999999999704,165.0,0.10392928104555851,1.851321202737084,-0.20910868135516703,1
3.3016525414244846,15.949999999999704,166.0,0.10373749495590107,1.8529498680485912,-0.2068832384167687,1
3.3025758416993978,15.939999999999705,167.0,0.10319517712268529,1.854578533745004,-0.2008079224402326,1
3.303466811520553,15.939999999999705,168.0,0.10301086438854273,1.8562070789124945,-0.19862502410143557,1
3.304326087783742,15.929999999999705,169.0,0.10247856779441719,1.8578353857513146,-0.19259848480956343,1
3.305154293246954,15.929999999999705,170.0,0.10230138917627077,1.8594633395118563,-0.1904567333915197,1
3.3059520368735185,15.919999999999705,171.0,0.1017787137619398,1.8610908284137446,-0.18447745208058297,1
3.3067199142146793,15.909999999999705,172.0,0.10126168922416234,1.8627177435865265,-0.1785241219748328,1
3.3074585077012095,15.909999999999705,173.0,0.10109491644809157,1.864343978978651,-0.17644205382083822,1
3.3081683870488328,15.899999999999705,174.0,0.10058693391755961,1.8659694313162063,-0.17053380577347466,1
3.3088501095630773,15.899999999999705,175.0,0.10042651527057206,1.8675940000299969,-0.1684896562200917,1
3.3095042203957905,15.889999999999706,176.0,0.09992722680396772,1.869217587172109,-0.16262515211601514,1
3.3101312529498186,15.889999999999706,177.0,0.09977288512012775,1.870840097385873,-0.1606177533752291,1
3.3107317291031806,15.879999999999706,178.0,0.09928196095837205,1.8724614378209805,-0.15479571892789035,1
3.311306159518166,15.879999999999706,179.0,0.09913343403985414,1.8740815180807984,-0.15282395926612868,1
3.3118550439373604,15.869999999999706,180.0,0.09865056144356228,1.875700250169791,-0.1470431801037877,1
3.3123788714426734,15.859999999999706,181.0,0.09817250354340999,1.8773175484326936,-0.14128530197566347,1
3.3128781207113844,15.859999999999706,182.0,0.09803248325549282,1.8789333294966162,-0.13936531835427735,1
3.313353260295046,15.849999999999707,183.0,0.09756202148893896,1.8805475122248072,-0.13364694749941575,1
3.3138047488700777,15.849999999999707,184.0,0.09742720942595014,1.882160017664754,-0.13176001859297815,1
3.3142330354278884,15.839999999999707,185.0,0.09696406965953148,1.8837707689791419,-0.12608007623554185,1
3.3146385595973538,15.839999999999707,186.0,0.09683424926625372,1.8853796914257863,-0.12422526179189708,1
3.315021751801031,15.829999999999707,187.0,0.09637817091734631,1.8869867122840955,-0.1185827173437568,1
3.315383033523772,15.829999999999707,188.0,0.09625313673419061,1.8885917608234886,-0.11675911922161974,1
3.315722817483308,15.819999999999707,189.0,0.0958038719490974,1.890194768241286,-0.11115298747585922,1
3.316041507882626,15.809999999999707,190.0,0.0953587570371343,1.8917956676321315,-0.10556728691865591,1
3.3163395006201077,15.809999999999707,191.0,0.09524074182227012,1.8933943939459885,-0.10378908571856948,1
3.316617183434222,15.799999999999708,192.0,0.09480207753718531,1.894990883926219,-0.09823837378497191,1
3.316874936151723,15.799999999999708,193.0,0.09468837063107023,1.89658507608681,-0.09648928876056573,1
3.3171131308425403,15.789999999999708,194.0,0.09425593819389039,1.8981769106597568,-0.0909726836358391,1
3.3173321320288074,15.789999999999708,195.0,0.09414636825207706,1.899766329564388,-0.08925194652022572,1
3.317532296839718,15.779999999999708,196.0,0.09371995914096873,1.9013532763601235,-0.08376860330104519,1
3.317713975188252,15.769999999999708,197.0,0.09329727224678303,1.9029376962096738,-0.07830407967090625,1
3.3178775099601565,15.769999999999708,198.0,0.0931937785393876,1.904519535849232,-0.07662458666080174,1
3.3180232371595655,15.759999999999708,199.0,0.0927768083831135,1.9060987435456715,-0.07119210007973797,1
3.3181514860644006,15.759999999999708,200.0,0.09267705152906366,1.9076752690596135,-0.06953915087438212,1
3.3182625794095273,15.749999999999709,201.0,0.09226561313649634,1.9092490636209594,-0.06413794096221448,1
3.3183568334694042,15.749999999999709,202.0,0.09216944926196678,1.9108200798702235,-0.06251087295413571,1
3.3184345583209285,15.739999999999709,203.0,0.09176336600102607,1.9123882718677343,-0.05714020965970068,1
3.3184960578711826,15.729999999999709,204.0,0.09136064109303184,1.9139535950193611,-0.05178697421615586,1
3.318541630066775,15.729999999999709,205.0,0.09126976110659067,1.915516006070581,-0.05019756844144285,1
3.318571567011129,15.71999999999971,206.0,0.09087213060159598,1.917075463069081,-0.04487381835981141,1
3.318586155053796,15.71999999999971,207.0,0.09078450641157748,1.9186319253188417,-0.04330873165418603,1
3.3185856750232805,15.70999999999971,208.0,0.09039181290665811,1.920185353389424,-0.0380138065533695,1
3.3185704022514924,15.70999999999971,209.0,0.09030732293700841,1.9217357090499745,-0.0364724629447748,1
3.3185406067141083,15.69999999999971,210.0,0.08991941585989731,1.9232829552479096,-0.031205727490975166,1
3.3184965532151542,15.69999999999971,211.0,0.08983794405858915,1.9248270561061738,-0.029687572739256707,1
3.3184385014302156,15.68999999999971,212.0,0.08945467930276191,1.9263679768694189,-0.02444841536799358,1
3.318366706044885,15.67999999999971,213.0,0.08907438228416584,1.927905683887447,-0.019225161468313212,1
3.3182814168814367,15.67999999999971,214.0,0.08899735441666429,1.929440144596056,-0.01774074749777732,1
3.3181828789556636,15.66999999999971,215.0,0.08862148597372403,1.930971327473069,-0.012544180016070827,1
3.3180713326636146,15.66999999999971,216.0,0.0885472031249524,1.932499202045244,-0.011081642179205486,1
3.3179470138103286,15.65999999999971,217.0,0.08817563414550297,1.9340237388367763,-0.005911204535021364,1
3.317810153731388,15.65999999999971,218.0,0.08810399751974295,1.935544909354479,-0.004470056573519177,1
3.317660979406795,15.64999999999971,219.0,0.08773660424344243,1.9370626860717097,0.0006747879120512223,1
3.317499713542815,15.639999999999711,220.0,0.08737192095320283,1.9385770424013873,0.005804749815147892,1
3.317326574648874,15.639999999999711,221.0,0.08730418307998221,1.940087952668537,0.007214784256704743,1
3.3171417771713116,15.629999999999711,222.0,0.08694349124605644,1.9415953921061064,0.012319937204260833,1
3.3169455315041447,15.629999999999711,223.0,0.08687816635786488,1.9430993368045673,0.01370973714357504,1
3.3167380441835843,15.619999999999711,224.0,0.08652135466875994,1.944599763734088,0.018790571703304337,1
3.3165195178687212,15.619999999999711,225.0,0.08645835821581394,1.9460966506849224,0.02016056659648746,1
3.316290151483738,15.609999999999712,226.0,0.08610531981053567,1.9475899762718452,0.025217556641306205,1
3.31605014027074,15.609999999999712,227.0,0.08604457080367903,1.9490797199050087,0.026568161565236892,1
3.315799675863158,15.599999999999712,228.0,0.08569520305664126,1.9505658617698993,0.03160176500585932,1
3.315538946410346,15.589999999999712,229.0,0.0853482645747509,1.9520483828286987,0.036621621854570297,1
3.315268136581947,15.589999999999712,230.0,0.08529082819466494,1.9535272647754394,0.0379440409237759,1
3.3149874276795805,15.579999999999712,231.0,0.08494740688626519,1.955002490034417,0.04294118186389362,1
3.314696997706277,15.579999999999712,232.0,0.08489202605532267,1.956474041743141,0.0442452009398997,1
3.314397021426029,15.569999999999713,233.0,0.08455202919259193,1.957941903732388,0.04922004672935487,1
3.314087670437478,15.569999999999713,234.0,0.08449863416436779,1.9594060605128105,0.05050603532231501,1
3.313769113226448,15.559999999999713,235.0,0.0841619725715905,1.9608664972541918,0.055458993188906236,1
3.3134415152421783,15.559999999999713,236.0,0.08411049642295293,1.9623231997750583,0.056727309207499355,1
3.313105038961791,15.549999999999713,237.0,0.0837770843092657,1.963776154528584,0.061658773440067094,1
3.312759843943196,15.549999999999713,238.0,0.0837274628002857,1.9652253485848177,0.06290976374001778,1
3.3124060868919285,15.539999999999713,239.0,0.08339721759887103,1.9666707696192993,0.06782011627854367,1
3.3120439216844364,15.529999999999713,240.0,0.08306911933644398,1.9681124058850468,0.07271789415919128,1
3.311673499503344,15.529999999999713,241.0,0.0830222312691482,1.969550246230663,0.07394372804669236,1
3.311294968812961,15.519999999999714,242.0,0.0826971757609053,1.9709842800546775,0.07882095497217967,1
3.3109084754457987,15.519999999999714,243.0,0.0826519895115106,1.9724144973055249,0.08003029369975878,1
3.3105141626667285,15.509999999999714,244.0,0.08232990177613303,1.9738408884734402,0.0848873225964113,1
3.3101121712014296,15.509999999999714,245.0,0.08228636163881178,1.9752634445684694,0.08608047764019044,1
3.3097026393049305,15.499999999999714,246.0,0.0819671694241998,1.9766821571156656,0.09091765084474557,1
3.3092857027960214,15.499999999999714,247.0,0.08192522184644128,1.9780970181370228,0.09209492462206259,1
3.308861495128533,15.489999999999714,248.0,0.08160885550768662,1.9795080201492867,0.09691257431300504,1
3.3084301473978077,15.489999999999714,249.0,0.0815684489894644,1.9809151561358058,0.0980742605734437,1
3.307991788427401,15.479999999999714,250.0,0.08125484137493749,1.982318419552104,0.102872709164195,1
3.3075465448026597,15.479999999999714,251.0,0.08121592637575874,1.9837178043102939,0.1040190933344074,1
3.307094540910171,15.469999999999715,252.0,0.08090501271186107,1.985113304766476,0.10879865392272281,1
3.306635898970883,15.469999999999715,253.0,0.08086754155918383,1.9865049157062393,0.10993001347210907,1
3.3061707391075608,15.459999999999715,254.0,0.08055925935023686,1.98789263234496,0.11469099017021533,1
3.305699179341201,15.449999999999715,255.0,0.08025282072408696,1.9892764502991958,0.11944069444931094,1
3.305221335704637,15.449999999999715,256.0,0.08021747508695509,1.99065636560757,0.1205502831965859,1
3.304737322211612,15.439999999999715,257.0,0.07991357325017982,1.9920323746918795,0.12528185121041413,1
3.304247250904096,15.439999999999715,258.0,0.07987955750436349,1.9934044743513801,0.12637708270588788,1
3.3037512319522833,15.429999999999715,259.0,0.07957813535154488,1.994772661779881,0.1310907973659674,1
3.303249373618244,15.429999999999715,260.0,0.07954540781015927,1.9961369345261162,0.13217192337701378,1
3.3027417823226197,15.419999999999716,261.0,0.07924641018060938,1.9974972904978359,0.13686805983782024,1
3.3022285626884607,15.419999999999716,262.0,0.07921493067834592,1.9988537279569916,0.13793532547408827,1
3.30170981754508,15.409999999999716,263.0,0.07891830427752469,2.0002062454983998,0.14261415138989242,1
3.3011856479873996,15.409999999999716,264.0,0.07888803410397119,2.0015548420523777,0.14366779536314755,1
3.3006561534263756,15.399999999999716,265.0,0.07859372742529289,2.0028995168842583,0.14832957117341983,1
3.3001214315752336,15.399999999999716,266.0,0.07856462925622607,2.004240269566982,0.14936982610325633,1
3.2995815784988776,15.389999999999716,267.0,0.07827259250574789,2.0055770999809894,0.15401480531312273,1
3.2990366886683438,15.389999999999716,268.0,0.07824463035115639,2.006910008316798,0.1550418978729411,1
3.2984868549558763,15.379999999999717,269.0,0.07795481537708351,2.008238995052683,0.15967032730976038,1
3.2979321687001137,15.379999999999717,270.0,0.07792795451893628,2.0095640609627767,0.1606844785071253,1
3.297372719673726,15.369999999999717,271.0,0.07764031474592983,2.0108852070836734,0.16529659854794532,1
3.296808596207271,15.369999999999717,272.0,0.07761452168905035,2.012202434748651,0.16629802388072368,1
3.2962398851291743,15.359999999999717,273.0,0.07732901205137269,2.013515745543227,0.17089406871889734,1
3.29566667184315,15.359999999999717,274.0,0.07730425446664067,2.014825141320237,0.17188297843604672,1
3.2950890403151765,15.349999999999717,275.0,0.07702083135128428,2.016130624176266,0.17646317625980523,1
3.294507073149059,15.349999999999717,276.0,0.07699707803249733,2.017432196466828,0.1774397754883914,1
3.2939208515764333,15.339999999999717,277.0,0.0767156992178026,2.018729860784841,0.18200434873097682,1
3.2933304554910436,15.339999999999717,278.0,0.07669292003043807,2.0200236199586725,0.1829688377125489,1
3.2927359634732043,15.329999999999718,279.0,0.07641354463242464,2.021313477046226,0.1875180032378263,1
3.2921374527957212,15.329999999999718,280.0,0.0763917104743098,2.022599435321363,0.1884705774464921,1
3.2915349995036096,15.319999999999718,281.0,0.0761142988952934,2.023881498292786,0.19300454672860368,1
3.290928678358792,15.319999999999718,282.0,0.07609338165040282,2.02515966966439,0.19394539708301473,1
3.2903185629356186,15.309999999999718,283.0,0.07581789552656197,2.026433953361768,0.1984643764165286,1
3.2897047255826934,15.309999999999718,284.0,0.07579786802780385,2.0277043535006154,0.19939368940624225,1
3.289087237490117,15.299999999999718,285.0,0.07552427018253693,2.0289708744015464,0.2038978800691178,1
3.288466168682057,15.299999999999718,286.0,0.07550510617299154,2.0302335205725264,0.2048158379109284,1
3.287841588049917,15.289999999999718,287.0,0.07523336057094028,2.0314922967094016,0.20930543633765675,1
3.287213563367581,15.289999999999718,288.0,0.07521503466798721,2.032747207688831,0.21021221711438365,1
3.2865821613175608,15.279999999999719,289.0,0.07494510637207318,2.033998258566329,0.21468741504971156,1
3.2859474475069512,15.279999999999719,290.0,0.07492759403173707,2.0352454545700827,0.2155831928592855,1
3.2853094864811982,15.269999999999719,291.0,0.07465944916071213,2.036488801094054,0.22004417752308858,1
3.284668341751504,15.269999999999719,292.0,0.07464272664577344,2.037728303697425,0.22092912259552655,1
3.284024075807092,15.25999999999972,293.0,0.07437633233540165,2.0389639680975185,0.22537607681969463,1
3.283376750137968,15.25999999999972,294.0,0.07436037668332836,2.04019580016776,0.2262503556499098,1
3.2827264252482213,15.24999999999972,295.0,0.07409570104777954,2.041423805931523,0.2306834580278545,1
3.2820731606666405,15.24999999999972,296.0,0.07408049004154596,2.0426479915551776,0.23154723348457495,1
3.281417014992655,15.23999999999972,297.0,0.07381750213795127,2.0438683633569834,0.23596665849659204,1
3.2807580458737164,15.23999999999972,298.0,0.07380301427527354,2.0450849277857834,0.23682008996132664,1
3.280096310041582,15.22999999999972,299.0,0.07354168406851405,2.0462976914260773,0.24122600811104689,1
3.279431863336655,15.22999999999972,300.0,0.07352789853768492,2.0475066609980743,0.2420692515505556,1
3.278764760706122,15.21999999999972,301.0,0.07326819686647511,2.0487118433462164,0.2464618294980323,1
3.2780950562280693,15.21999999999972,302.0,0.0732550935175531,2.0499132454395625,0.24729503759939786,1
3.2774228031270485,15.20999999999972,303.0,0.07299699206404046,2.0511108743685296,0.2516744382650997,1
3.276748053787597,15.20999999999972,304.0,0.07298455138461044,2.052304737340929,0.25249776052862716,1
3.2760708597450665,15.19999999999972,305.0,0.07272802264461933,2.0534948416679977,0.25686414320058404,1
3.2753912717650917,15.19999999999972,306.0,0.07271622573797648,2.0546811947905335,0.25767772601086536,1
3.274709339787435,15.18999999999972,307.0,0.07246124298813297,2.055863804244146,0.2620312464999246,1
3.2740251129768954,15.18999999999972,308.0,0.07245007154596263,2.0570426776729227,0.2628352332716739,1
3.273338639703972,15.17999999999972,309.0,0.07219660882141683,2.058217822811586,0.26717604395094297,1
3.2726499676150427,15.17999999999972,310.0,0.0721860451074283,2.059389247508305,0.26797057515296707,1
3.2719591435978628,15.17999999999972,311.0,0.07217577779789539,2.0605569597003472,0.268760056753069,1
3.271266213789854,15.169999999999721,312.0,0.07192410399418436,2.061720967409212,0.2730840384188451,1
3.2705712236256494,15.169999999999721,313.0,0.0719144198131163,2.0628812787537796,0.27386426781809314,1
3.2698742178407447,15.159999999999721,314.0,0.07166420701350977,2.0640379019437542,0.27817590383827295,1
3.2691752404547625,15.159999999999721,315.0,0.07165508952459891,2.0651908452638956,0.27894701472076666,1
3.268474334806557,15.149999999999721,316.0,0.07140631415800414,2.0663401170820817,0.28324644643578756,1
3.267771543569995,15.149999999999721,317.0,0.07139774742829372,2.0674857258486714,0.2840085698243482,1
3.2670669087562585,15.139999999999722,318.0,0.07115038656769442,2.068627680089928,0.28829593561047195,1
3.2663604717015717,15.139999999999722,319.0,0.071142355146823,2.069765988394898,0.28904919997285416,1
3.265652273134395,15.129999999999722,320.0,0.07089638649133088,2.0709006594387276,0.29332463527740593,1
3.2649423531478012,15.129999999999722,321.0,0.0708888753930997,2.0720317019629038,0.2940691666137121,1
3.2642307511826822,15.119999999999722,322.0,0.07064427724208451,2.073159124760328,0.29833280409299734,1
3.263517506124486,15.119999999999722,323.0,0.0706372719319649,2.0742829367128257,0.29906872595451306,1
3.2628026562130144,15.109999999999722,324.0,0.07039402316594763,2.075403146742902,0.30332069553848173,1
3.2620862391230308,15.109999999999722,325.0,0.07038750954185699,2.076519763844045,0.3040481291356214,1
3.261368291945034,15.109999999999722,326.0,0.07038124234455452,2.0776327970653368,0.3047709761239259,1
3.260648851197427,15.099999999999723,327.0,0.07013955398267077,2.078742255510638,0.30900762233818524,1
3.2599279528372933,15.099999999999723,328.0,0.07013375887556816,2.0798481483371614,0.30972215719196083,1
3.2592056322695764,15.089999999999723,329.0,0.06989337196252585,2.080950484753576,0.3139474469171395,1
3.258481924363716,15.089999999999723,330.0,0.06988803583782881,2.0820492740215255,0.3146537853144551,1
3.257756863456331,15.079999999999723,331.0,0.06964893110328538,2.083144525450966,0.3188678395622966,1
3.257030483331553,15.079999999999723,332.0,0.06964404123729985,2.084236248385155,0.3195660950340842,1
3.256302817300273,15.069999999999723,333.0,0.06940619991415507,2.0853244522315637,0.3237690323688862,1
3.255573898125674,15.069999999999723,334.0,0.06940174395306929,2.0864091464217935,0.32445931636821346,1
3.254843758108242,15.069999999999723,335.0,0.06939750952947686,2.0874903404454277,0.3251452625166078,1
3.2541124290160544,15.059999999999723,336.0,0.0691611137054207,2.0885680438122103,0.32933367496540766,1
3.253379942173674,15.059999999999723,337.0,0.06915729599998081,2.0896422660880307,0.33001181192357465,1
3.252646328386029,15.049999999999724,338.0,0.06892212103055982,2.0907130168542998,0.3341893921876775,1
3.2519116180332825,15.049999999999724,339.0,0.06891870854156634,2.0917803057469286,0.3348598264780076,1
3.2511758410084615,15.039999999999724,340.0,0.06868473725174493,2.0928441424222703,0.3390266852464021,1
3.2504390267502665,15.039999999999724,341.0,0.06868171880591312,2.0939045365674342,0.33968952149305354,1
3.2497012042591584,15.029999999999724,342.0,0.06844893445595938,2.094961497902936,0.3438457672801496,1
3.2489624020903283,15.029999999999724,343.0,0.06844629919885241,2.0960150361746406,0.3445011082385141,1
3.2482226483797603,15.029999999999724,344.0,0.06844386360208748,2.0970651611612787,0.3451523415642159,1
3.2474819708082534,15.019999999999724,345.0,0.06821242285149373,2.0981118826530114,0.3492947940998141,1
3.2467403966746957,15.019999999999724,346.0,0.0682103553220966,2.099155210481194,0.3499386820717878,1
3.245997952836577,15.009999999999724,347.0,0.06798006359941647,2.100195154486125,0.3540707826431053,1
3.245254665761065,15.009999999999724,348.0,0.06797835401443528,2.1012317245366288,0.3547074236243988,1
3.244510561509727,14.999999999999725,349.0,0.06774919595935906,2.10226493051858,0.3588292737206047,1
3.243765665749366,14.999999999999725,350.0,0.06774783447960013,2.103294782335875,0.35945876436418045,1
3.243020003764179,14.999999999999725,351.0,0.06774665752182363,2.1043212899119728,0.36008431473819735,1
3.242273600453006,14.989999999999725,352.0,0.06751877216878266,2.1053444631845926,0.3641928988463723,1
3.2415264803431056,14.989999999999725,353.0,0.06751792959453004,2.1063643121082274,0.36481144012807065,1
3.240778667593325,14.979999999999725,354.0,0.06729114316261517,2.1073808466517563,0.3689100181360214,1
3.2400301859954985,14.979999999999725,355.0,0.06729062578510121,2.1083940767952734,0.36952164293983336,1
3.2392810589743726,14.969999999999725,356.0,0.06706492415258272,2.1094040125263,0.3736103098782029,1
3.2385313096202473,14.969999999999725,357.0,0.06706472303984078,2.1104106638515345,0.37421510922702184,1
3.23778096067913,14.969999999999725,358.0,0.06706469268635319,2.1114140407885613,0.3748161264887626,1
3.237030034518816,14.959999999999726,359.0,0.06684019888498068,2.1124141533462906,0.378892021790628,1
3.2362785532218377,14.959999999999726,360.0,0.06684047232359289,2.113411011565404,0.3794863468413696,1
3.2355265385031045,14.949999999999726,361.0,0.0666170314137829,2.1144046254760345,0.38355256019111406,1
3.2347740117683266,14.949999999999726,362.0,0.06661760029445855,2.1153950051219947,0.38414028034731307,1
3.234020994090226,14.949999999999726,363.0,0.0666183309470279,2.116382160546238,0.384724326015796,1
3.2332675062251393,14.939999999999726,364.0,0.06639605546820726,2.117366101795497,0.38877810195674734,1
3.232513568642618,14.939999999999726,365.0,0.06639706989513629,2.118346838931162,0.3893556706508581,1
3.231759201473709,14.929999999999726,366.0,0.06617581723553227,2.1193243820015994,0.39339998361811923,1
3.2310044245693246,14.929999999999726,367.0,0.0661771076272303,2.1202987410668017,0.3939711591207402,1
3.230249257466592,14.919999999999726,368.0,0.06595686549707103,2.121269926179417,0.3980060942901129,1
3.2294937194263063,14.919999999999726,369.0,0.06595842425388447,2.1222379473995803,0.39857095901221284,1
3.228737829409921,14.919999999999726,370.0,0.06596013303945172,2.1232028147810964,0.39913229326811317,1
3.2279816061036373,14.909999999999727,371.0,0.06574100037060854,2.1241645383800325,0.40315523506313533,1
3.227225067886491,14.909999999999727,372.0,0.06574296688795211,2.1251231282367424,0.40371037945737065,1
3.226468232910964,14.899999999999727,373.0,0.06552481704754251,2.126078594411506,0.40772414917101774,1
3.2257111190158536,14.899999999999727,374.0,0.0655270341797968,2.127030946940379,0.4082731828721302,1
3.224953743781872,14.899999999999727,375.0,0.06552939365346615,2.1279801958589446,0.40881878427599005,1
3.2241961245476105,14.889999999999727,376.0,0.06531231663145605,2.1289263512074594,0.41282086140000174,1
3.2234382783681954,14.889999999999727,377.0,0.0653149167543698,2.129869423008465,0.41336046836730733,1
3.22268022205248,14.879999999999727,378.0,0.06509879639548734,2.130809421282122,0.41735357030907827,1
3.22192197215788,14.879999999999727,379.0,0.0651016305017422,2.131746356041243,0.41788725889103273,1
3.221163544992383,14.879999999999727,380.0,0.06510459973263036,2.1326802372898426,0.41841760977584985,1
3.220404956623889,14.869999999999727,381.0,0.0648895176499474,2.133611075025265,0.42239930730168473,1
3.2196462228739486,14.869999999999727,382.0,0.06489271151738245,2.1345388792328284,0.42292385163794877,1
3.2188873593255316,14.859999999999728,383.0,0.06467856136206952,2.135463659887264,0.42689676253366016,1
3.218128381336277,14.859999999999728,384.0,0.06468197361683203,2.136385426956836,0.4274155734390894,1
3.217369304025543,14.859999999999728,385.0,0.06468551421752054,2.137304190394914,0.42793113782914083,1
3.2166101422936535,14.849999999999728,386.0,0.06447236975303218,2.1382199601470497,0.4318929205104456,1
3.215850910816166,14.849999999999728,387.0,0.0644761199691599,2.139132746146093,0.4324028591029061,1
3.215091624047263,14.839999999999728,388.0,0.06426388402720226,2.140042558311752,0.43635603581288684,1
3.214332296210119,14.839999999999728,389.0,0.06426783799705446,2.140949406543887,0.4368604189346701,1
3.2135729413466816,14.839999999999728,390.0,0.06427191393866963,2.141853300744429,0.4373616434948808,1
3.212813573260384,14.829999999999728,391.0,0.06406065292356257,2.1427542507878874,0.44130395685753454,1
3.2120542055582058,14.829999999999728,392.0,0.06406492438117001,2.1436522665396103,0.4417997295842684,1
3.2112948516419437,14.829999999999728,393.0,0.06406931425247009,2.1445473578496945,0.44229239494203676,1
3.2105355247116343,14.819999999999729,394.0,0.06385901119724428,2.145439534552735,0.44622399871597707,1
3.2097762377681676,14.819999999999729,395.0,0.06386358864383668,2.146328806467272,0.44671131358587157,1
3.2090170036232215,14.809999999999729,396.0,0.06365415984906568,2.147215183398774,0.4506345849100126,1
3.208257834872591,14.809999999999729,397.0,0.06365891956916342,2.148098675124999,0.4511166154571209,1
3.2074987439542806,14.809999999999729,398.0,0.0636637919150574,2.1489792914222328,0.45159562172334256,1
3.2067397431040354,14.799999999999729,399.0,0.06345529295703403,2.1498570420422047,0.45550843141331976,1
3.205980844372574,14.799999999999729,400.0,0.06346034011157223,2.1507319367186692,0.4559822510136442,1
3.205222059628026,14.78999999999973,401.0,0.06325269505296129,2.1516039851669286,0.4598868902377582,1
3.2044634005629717,14.78999999999973,402.0,0.06325791203557349,2.1524731970856488,0.4603555868910052,1
3.2037048786935536,14.78999999999973,403.0,0.0632632361918402,2.153339582154809,0.46082133948571524,1
3.2029465053613593,14.77999999999973,404.0,0.06305649436726435,2.15420315003508,0.4647157551398553,1
3.2021882917330884,14.77999999999973,405.0,0.0630619813308446,2.155063910366088,0.4651764789174515,1
3.2014302488163855,14.77999999999973,406.0,0.06306757242015107,2.155921872772624,0.46563430541663564,1
3.2006723874329066,14.76999999999973,407.0,0.06286171917361384,2.1567770468500687,0.4695186359082799,1
3.199914718257164,14.76999999999973,408.0,0.06286746629704856,2.1576294421817868,0.4699715256899941,1
3.1991572517984284,14.75999999999973,409.0,0.06266243710486867,2.1584790683289183,0.4738479313844288,1
3.19839999841128,14.75999999999973,410.0,0.06266833574686098,2.1593259348340954,0.4742959445144248,1
3.197642968278264,14.75999999999973,411.0,0.06267433354875651,2.1601700512116673,0.47474113628084913,1
3.196886171437078,14.74999999999973,412.0,0.06247016854397942,2.1610114269595084,0.47860768005160126,1
3.1961296177761582,14.74999999999973,413.0,0.06247631148793578,2.1618500715555715,0.47904808400473486,1
3.1953733170295977,14.74999999999973,414.0,0.062482550813523906,2.162685994454109,0.47948571090677183,1
3.1946172787688942,14.73999999999973,415.0,0.0622792365688512,2.1635192050803944,0.48334252266888655,1
3.1938615124449656,14.73999999999973,416.0,0.06228561488121888,2.164349712849843,0.4837754487179411,1
3.193106027358725,14.72999999999973,417.0,0.0620830971971721,2.16517752715252,0.4876245659707521,1
3.192350832635684,14.72999999999973,418.0,0.0620896103996325,2.1660026573395816,0.4880528478130284,1
3.1915959373106446,14.72999999999973,419.0,0.062096215451457326,2.166825112763195,0.48847842453026913,1
3.1908413502526094,14.71999999999973,420.0,0.06189452612662419,2.1676449027389504,0.4923180193060954,1
3.1900870801943344,14.71999999999973,421.0,0.06190126026829953,2.168462036559018,0.49273903575562406,1
3.189333135742136,14.71999999999973,422.0,0.06190808372352938,2.1692765234958045,0.4931573890788603,1
3.188579525365903,14.70999999999973,423.0,0.06170721043582385,2.1700883727960107,0.49698758344020644,1
3.1878262574030547,14.70999999999973,424.0,0.061714157379623824,2.1708975936814303,0.4974014586820825,1
3.1870733400732734,14.70999999999973,425.0,0.06172119118322569,2.1717041953551006,0.4978127119884841,1
3.1863207814458128,14.699999999999731,426.0,0.0615211219917544,2.172508186984297,0.5016336251992075,1
3.1855685894925125,14.699999999999731,427.0,0.061528273873459306,2.1733095777253433,0.5020404809098373,1
3.1848167720451923,14.699999999999731,428.0,0.06153551024167515,2.1741083767018474,0.5024447550655791,1
3.184065336818793,14.689999999999731,429.0,0.06133623357081022,2.1749045930149653,0.5062565036908384,1
3.1833142914066315,14.689999999999731,430.0,0.061343582789388174,2.1756982357401284,0.5066564590897511,1
3.1825636432863185,14.679999999999731,431.0,0.06114506022378946,2.176489313928988,0.5104608825965753,1
3.181813399812255,14.679999999999731,432.0,0.061152518824984035,2.177277836604764,0.5108565704950871,1
3.1810635682354733,14.679999999999731,433.0,0.06116005803210214,2.178063812771062,0.5112497424125086,1
3.1803141556804992,14.669999999999732,434.0,0.060962308590294466,2.1788472513996417,0.5150451892921495,1
3.179565169172762,14.669999999999732,435.0,0.06096995224845124,2.179628161442905,0.5154341698640039,1
3.178816615621833,14.669999999999732,436.0,0.06097767433885972,2.180406551824848,0.5158206728008805,1
3.1780685018126995,14.659999999999732,437.0,0.060780687370863354,2.1811824314359547,0.5196072527100326,1
3.1773208344567734,14.659999999999732,438.0,0.06078850914630899,2.181955809157242,0.519989638905668,1
3.1765736201311605,14.659999999999732,439.0,0.06079640724966308,2.1827266938297787,0.5203695850766614,1
3.1758268653292476,14.649999999999732,440.0,0.06060017242304862,2.1834950942785816,0.5241474052373658,1
3.1750805764129995,14.649999999999732,441.0,0.060608165604004775,2.1842610192885292,0.5245233077711178,1
3.174334759673614,14.649999999999732,442.0,0.06061623307390969,2.185024477633199,0.5248968071914912,1
3.173589421295703,14.639999999999732,443.0,0.060420740365506063,2.18578547805659,0.5286659724096163,1
3.1728445673386494,14.639999999999732,444.0,0.06042889845880077,2.1865440292632896,0.5290354998255518,1
3.1721002038040034,14.639999999999732,445.0,0.060437128865869355,2.187300139950638,0.5294026603447441,1
3.1713563365724218,14.629999999999733,446.0,0.06024236854820827,2.188053818777186,0.5331632731081777,1
3.170612971436949,14.629999999999733,447.0,0.06025068527130523,2.1888050743782714,0.5335265318311337,1
3.169870114099352,14.629999999999733,448.0,0.060259072394772954,2.1895539153635153,0.5338874591900027,1
3.169127770162033,14.619999999999733,449.0,0.06006503502479023,2.1903003503121488,0.537639619739348,1
3.168385945131581,14.619999999999733,450.0,0.060073504300088267,2.1910443877741193,0.5379967140958968,1
3.1676446444525403,14.619999999999733,451.0,0.06008204212093808,2.191786036285936,0.53835151196614,1
3.1669038734561363,14.609999999999733,452.0,0.059888718532136766,2.192525304344925,0.5420953183208412,1
3.1661636373911644,14.609999999999733,453.0,0.05989733447581814,2.193262200423691,0.5424463506419861,1
3.165423941427154,14.609999999999733,454.0,0.05990601716774671,2.19399673297107,0.5427951206994102,1
3.1646847906473483,14.599999999999733,455.0,0.05971339845836643,2.194728910408074,0.546530668744343,1
3.163946190035122,14.599999999999733,456.0,0.05972215537676248,2.195458741120589,0.5468757393638461,1
3.1632081445222604,14.599999999999733,457.0,0.059730977300074775,2.196186233482514,0.5472185813229411,1
3.162470658928642,14.589999999999733,458.0,0.05953905482598042,2.196911395825535,0.5509459648314554,1
3.161733738016082,14.589999999999733,459.0,0.05954794720606118,2.1976342364650105,0.5512851721709895,1
3.160997386456638,14.589999999999733,460.0,0.05955690290140859,2.1983547636838425,0.5516221838241091,1
3.1602616088437525,14.579999999999734,461.0,0.059365668264429884,2.1990729857373954,0.5553414945503954,1
3.1595264097007743,14.579999999999734,462.0,0.05937469076921372,2.1997889108571274,0.5556749351370351,1
3.1587917934681586,14.579999999999734,463.0,0.05938377495004808,2.2005025472437896,0.5560062124149612,1
3.1580577645206556,14.569999999999734,464.0,0.0591932199910661,2.201213903075369,0.5597175401220311,1
3.1573243271370433,14.569999999999734,465.0,0.05920236745263078,2.2019229864916436,0.5600453086422383,1
3.1565914855523953,14.569999999999734,466.0,0.059211574999691145,2.2026298056194196,0.5603709456484949,1
3.1558592439149598,14.559999999999734,467.0,0.059021691791410244,2.203334368550829,0.5640743781432354,1
3.1551276063013836,14.559999999999734,468.0,0.05903095920366957,2.204036683350318,0.5643965675034182,1
3.1543965767223154,14.559999999999734,469.0,0.05904028515859433,2.204736758056953,0.5647166565631765,1
3.1536661591156836,14.549999999999734,470.0,0.05885106599516319,2.205434600680634,0.5684122797800322,1
3.152936357354931,14.549999999999734,471.0,0.05886044851011529,2.206130219205686,0.5687289811190783,1
3.1522071752441994,14.549999999999734,472.0,0.05886988807043015,2.206823621588044,0.5690436128101319,1
3.151478616523716,14.539999999999734,473.0,0.05868132546125899,2.207514815757468,0.5727315108386877,1
3.1507506848622815,14.539999999999734,474.0,0.05869081838243067,2.208203809613422,0.5730428135834562,1
3.1500233838723926,14.539999999999734,475.0,0.0587003668954761,2.208890611032062,0.5733520767853548,1
3.1492967171049093,14.529999999999735,476.0,0.05851245355772297,2.2095752278632372,0.5770323319182875,1
3.1485706880235513,14.529999999999735,477.0,0.05852205233503303,2.2102576679175057,0.5773383238198977,1
3.1478453000679405,14.529999999999735,478.0,0.058531705292840096,2.210937938996778,0.5776423057515852,1
3.1471205565871507,14.519999999999735,479.0,0.058344434145541406,2.2116160488611887,0.5813149985125989,1
3.1463964608865713,14.519999999999735,480.0,0.058354134369177565,2.212292005251819,0.5816157656999987,1
3.1456730162014432,14.519999999999735,481.0,0.05836388740393083,2.212965815877283,0.5819145519498867,1
3.1449502257141595,14.509999999999735,482.0,0.058177251558643436,2.2136374884218446,0.5855797611748128,1
3.1442280925505077,14.509999999999735,483.0,0.05818704895640527,2.214307030543243,0.5858753881594658,1
3.14350661977127,14.509999999999735,484.0,0.058196897834961334,2.2149744498681834,0.5861690627321481,1
3.1427858104003117,14.499999999999735,485.0,0.05801089059086103,2.2156397540058173,0.5898268655875449,1
3.1420656673641547,14.499999999999735,486.0,0.05802078102246926,2.2163029505176732,0.5901174353138281,1
3.1413461935890874,14.499999999999735,487.0,0.058030721641746275,2.216964046965084,0.5904060806656,1
3.1406273919136765,14.499999999999735,488.0,0.05804071208228277,2.217623050865827,0.5906928109899423,1
3.1399092651216516,14.489999999999736,489.0,0.057855315931525854,2.218279969709999,0.5943421465764636,1
3.139191815958858,14.489999999999736,490.0,0.05786534431503365,2.2189348109679923,0.5946258436355862,1
3.1384750471183747,14.489999999999736,491.0,0.05787542127474072,2.219587582082915,0.5949076530453423,1
3.1377589612210963,14.479999999999736,492.0,0.05769063947292904,2.2202382904607116,0.5985497567437774,1
3.137043560867079,14.479999999999736,493.0,0.057700751765125846,2.220886943495123,0.5988285849642783,1
3.1363288485877217,14.479999999999736,494.0,0.057710911424369245,2.2215335485438836,0.5991055524263431,1
3.1356148268748085,14.469999999999736,495.0,0.057526737844516465,2.2221781129427076,0.6027404961370155,1
3.1349014981503505,14.469999999999736,496.0,0.057536930308133456,2.222820643990182,0.6030145335108557,1
3.134188864824396,14.469999999999736,497.0,0.05754716896272663,2.223461148975947,0.603286736564064,1
3.1334769292250018,14.459999999999736,498.0,0.05736359764253112,2.2240996351459428,0.6069145906527682,1
3.1327656936522383,14.459999999999736,499.0,0.05737386665302801,2.2247361097287475,0.6071839137649999,1
3.1320551603600517,14.459999999999736,500.0,0.05738418071250289,2.225370579926372,0.6074514285201957,1
3.131345331558786,14.459999999999736,501.0,0.057394539496361446,2.226003052915267,0.607717143617454,1
3.1306362093892655,14.449999999999736,502.0,0.057211547888115354,2.2266335358333085,0.6113369459535241,1
3.1299277959913745,14.449999999999736,503.0,0.057221933869166186,2.2272620358133066,0.6115998471656199,1
3.129220093419068,14.449999999999736,504.0,0.05723236347392747,2.2278885599409617,0.6118609740847853,1
3.12851310370565,14.439999999999737,505.0,0.05704996146833747,2.228513115286723,0.6154738461393583,1
3.127806828840808,14.439999999999737,506.0,0.05706041599471629,2.229135708894294,0.6157322071858591,1
3.1271012707700483,14.439999999999737,507.0,0.05707091307318716,2.229756347780088,0.6159888188901022,1
3.126396431401312,14.429999999999737,508.0,0.05688909520450209,2.2303750389363204,0.6195948262971709,1
3.1256923125890173,14.429999999999737,509.0,0.05689961499976863,2.230991789322904,0.6198487192631361,1
3.1249889161529962,14.429999999999737,510.0,0.056910176305973705,2.231606605876564,0.6201008873966556,1
3.1242862438829087,14.429999999999737,511.0,0.05692077882712527,2.2322194955128087,0.6203513389292599,1
3.1235842975256034,14.419999999999737,512.0,0.056739519138050705,2.232830465119515,0.6239495900785572,1
3.122883078774889,14.419999999999737,513.0,0.05675014152312883,2.233439521551699,0.6241973850069362,1
3.122182589308062,14.419999999999737,514.0,0.05676080411800679,2.234046671649283,0.624443487300947,1
3.121482830752864,14.409999999999737,515.0,0.056580116990544486,2.234651922220655,0.6280350224716029,1
3.1207838046938092,14.409999999999737,516.0,0.056590797399888364,2.2352552800456222,0.6282785133047735,1
3.120085512692606,14.409999999999737,517.0,0.0566015170415837,2.2358567518852324,0.6285203350585864,1
3.119387956266965,14.409999999999737,518.0,0.05661227563835845,2.2364563444712244,0.6287604956465573,1
3.1186911369012065,14.399999999999737,519.0,0.05643213292836031,2.2370540645110304,0.632344470096369,1
3.1179950560423375,14.399999999999737,520.0,0.056442906679990384,2.23764991868569,0.6325820787919183,1
3.117299715103856,14.399999999999737,521.0,0.05645371844309115,2.238243913651573,0.6328180493520279,1
3.1166051154673764,14.389999999999738,522.0,0.056274137405701675,2.238836056041009,0.6363954495178148,1
3.115911258476866,14.389999999999738,523.0,0.056284962417841054,2.2394263524592746,0.6366289114422576,1
3.115218145444033,14.389999999999738,524.0,0.056295824523114976,2.2400148094871413,0.6368607578754586,1
3.114525777644434,14.379999999999738,525.0,0.05611680042534141,2.2406014336787363,0.640431642102409,1
3.113834156327579,14.379999999999738,526.0,0.05612767393365793,2.241186231566436,0.6406610223657654,1
3.1131432827141365,14.379999999999738,527.0,0.05613858364105001,2.2417692096592967,0.6408888094075664,1
3.112453157975198,14.379999999999738,528.0,0.05614952929473114,2.2423503744327555,0.6411150107125907,1
3.1117637832758556,14.369999999999738,529.0,0.0559710311887535,2.242929732349895,0.6446785974394547,1
3.111075159727598,14.369999999999738,530.0,0.05598198583951302,2.243507289837911,0.6449023886855698,1
3.110387288419323,14.369999999999738,531.0,0.055992975573224184,2.244083053303234,0.6451246159694453,1
3.109700170421794,14.359999999999738,532.0,0.05581502442072793,2.244657029133584,0.6486818190998027,1
3.1090138067561965,14.359999999999738,533.0,0.05582602143449561,2.245229223682397,0.6489016770353202,1
3.1083281984299593,14.359999999999738,534.0,0.05583705269047367,2.2457996432863094,0.6491199924251616,1
3.1076433464146462,14.359999999999738,535.0,0.055848117950262705,2.2463682942541423,0.6493367724880004,1
3.1069592516522113,14.349999999999739,536.0,0.05567068100537477,2.2469351828699407,0.6528868524665012,1
3.1062759150676422,14.349999999999739,537.0,0.05568175130151381,2.2475003153989723,0.6531013170022448,1
3.1055933375364004,14.349999999999739,538.0,0.05569285478998768,2.248063698071681,0.653314267144401,1
3.1049115199306314,14.349999999999739,539.0,0.05570399123964315,2.248625337106287,0.6535257099715412,1
3.1042304630764894,14.339999999999739,540.0,0.05552706231578719,2.249185238687666,0.657068763376198,1
3.1035501677862327,14.339999999999739,541.0,0.0555382016451736,2.2497434089830755,0.6572779432312608,1
3.10287063484467,14.339999999999739,542.0,0.05554937315107917,2.250299854135339,0.6574856362537618,1
3.102191865006326,14.329999999999739,543.0,0.05537297688729665,2.2508545802614046,0.6610225020752676,1
3.101513858997609,14.329999999999739,544.0,0.05538414973988399,2.25140759345329,0.661227970245313,1
3.10083661752702,14.329999999999739,545.0,0.055395354004804546,2.251958899783003,0.6614319717281874,1
3.1001601412766675,14.329999999999739,546.0,0.05540658946493545,2.252508505298304,0.6616345133360308,1
3.09948443089489,14.31999999999974,547.0,0.055230690535035196,2.253056416018965,0.6651645145931211,1
3.098809487020093,14.31999999999974,548.0,0.055241925329232944,2.2536026379484118,0.6653648817944224,1
3.0981353102531384,14.31999999999974,549.0,0.055253190580174846,2.254147177060088,0.6655638088238713,1
3.097461901187702,14.31999999999974,550.0,0.05526448607737741,2.254690039312253,0.6657613023594875,1
3.096789260380916,14.30999999999974,551.0,0.05508907887945911,2.255231230633527,0.669284528860673,1
3.0961173883611908,14.30999999999974,552.0,0.05510037177553406,2.2557707569266254,0.6694798972682523,1
3.095446285655153,14.30999999999974,553.0,0.055111694203409035,2.2563086240815005,0.669673851465111,1
3.0947759527593113,14.29999999999974,554.0,0.054936806630378865,2.2568448379614074,0.6731910724056678,1
3.0941063901250168,14.29999999999974,555.0,0.05494812508910857,2.2573794043954174,0.6733829371825983,1
3.0934375982211773,14.29999999999974,556.0,0.05495947238309456,2.257912329209114,0.6735734067246606,1
3.092769577467629,14.29999999999974,557.0,0.05497084831501937,2.2584436181918637,0.6737624874521997,1
3.0921023282700135,14.28999999999974,558.0,0.054796442769750583,2.258973277113866,0.6772730842391328,1
3.0914358510177142,14.28999999999974,559.0,0.054807812926045314,2.2595013117250438,0.6774601228700246,1
3.0907701460714883,14.28999999999974,560.0,0.05481921104681065,2.2600277277489536,0.6776457912502145,1
3.090105213785806,14.28999999999974,561.0,0.05483063693997418,2.260552530893648,0.677830095685297,1
3.0894410544655355,14.27999999999974,562.0,0.054656708344962605,2.2610757268304287,0.6813341518618692,1
3.088777668440394,14.27999999999974,563.0,0.05466812672565193,2.261597321230223,0.6815164604351447,1
3.0881150559685366,14.27999999999974,564.0,0.05467957222848246,2.262117319716359,0.681697423209874,1
3.0874532173414986,14.26999999999974,565.0,0.05450615134963515,2.262635727915865,0.6851956429455881,1
3.086792152792739,14.26999999999974,566.0,0.05451758811918545,2.2631525514146413,0.685374643336637,1
3.0861318625565044,14.26999999999974,567.0,0.05452905137444359,2.263667795786268,0.6855523158240902,1
3.0854723468457834,14.26999999999974,568.0,0.05454054093453556,2.2641814665811166,0.6857286664827105,1
3.084813605839294,14.25999999999974,569.0,0.054367588181394165,2.2646935693199826,0.6892204856917481,1
3.0841556397150094,14.25999999999974,570.0,0.0543790673885474,2.2652041095104183,0.6893949183571935,1
3.083498448636823,14.25999999999974,571.0,0.054390572285702224,2.2657130926401763,0.6895680466913028,1
3.0828420327428536,14.25999999999974,572.0,0.05440210269793633,2.2662205241714553,0.6897398766418414,1
3.0821863921452177,14.24999999999974,573.0,0.05422961346314121,2.266726409540733,0.6932253730776674,1
3.08153152695696,14.24999999999974,574.0,0.05424113196311167,2.2672307541719205,0.6933953284470693,1
3.080877437263143,14.24999999999974,575.0,0.0542526753830741,2.2677335634621767,0.6935640025590546,1
3.0802241231313086,14.24999999999974,576.0,0.05426424355381344,2.2682348427869927,0.6937314012378752,1
3.07957158462017,14.23999999999974,577.0,0.05409221338740428,2.2687345975044146,0.6972106506583,1
3.078919821767786,14.23999999999974,578.0,0.05410376814660464,2.2692328329492124,0.6973762171836457,1
3.0782688345934317,14.23999999999974,579.0,0.05411534708018916,2.2697295544337868,0.697540525044924,1
3.0776186231136804,14.23999999999974,580.0,0.05412695002338708,2.270224767255996,0.6977035799618063,1
3.076969187300368,14.229999999999741,581.0,0.053955374627793415,2.27071847667857,0.7011766561689179,1
3.076320527154679,14.229999999999741,582.0,0.05396696271815372,2.2712106879653007,0.7013379203982888,1
3.0756726426112704,14.229999999999741,583.0,0.05397857426133591,2.271701406334183,0.7014979480795038,1
3.0750255336363876,14.229999999999741,584.0,0.05399020909698642,2.272190637005285,0.7016567448276632,1
3.0743792001556396,14.219999999999741,585.0,0.053819084319199975,2.272678385165489,0.7051237197543423,1
3.0737336420871335,14.219999999999741,586.0,0.0538307029159346,2.273164655984651,0.7052807663530891,1
3.073088859331089,14.219999999999741,587.0,0.05384234426503582,2.2736494546104606,0.7054365980853954,1
3.072444851780344,14.219999999999741,588.0,0.053854008212104454,2.274132786173592,0.7055912204382724,1
3.0718016193047486,14.209999999999742,589.0,0.05368333004074442,2.27461465578009,0.7090521641605845,1
3.0711591617708622,14.209999999999742,590.0,0.053694976416341564,2.2750950685209035,0.7092050759922848,1
3.070517479021812,14.209999999999742,591.0,0.053706644866493645,2.2755740294620996,0.709356794179782,1
3.069876570896471,14.209999999999742,592.0,0.053718335241514766,2.276051543654164,0.7095073241009939,1
3.0692364372142076,14.199999999999742,593.0,0.05354809979988482,2.276527616124586,0.7129623049148179,1
3.068597077783624,14.199999999999742,594.0,0.05355977132215206,2.2770022518820703,0.7131111630606721,1
3.067958492401878,14.199999999999742,595.0,0.053571464261907224,2.2774754559162482,0.7132588483531728,1
3.0673206808530127,14.199999999999742,596.0,0.05358317847422847,2.2779472331967487,0.7134053660599162,1
3.0666836429051805,14.189999999999742,597.0,0.053413382015990475,2.2784175886719833,0.716854450518279,1
3.0660473783165534,14.189999999999742,598.0,0.05342507614389598,2.278886527271887,0.7169993343319652,1
3.06541188684379,14.189999999999742,599.0,0.05343679105219498,2.2793540539121038,0.717143065662067,1
3.0647771682067995,14.189999999999742,600.0,0.053448526601365225,2.2798201734768124,0.7172856496564117,1
3.064143222131963,14.179999999999742,601.0,0.05327916550584319,2.2802848908397455,0.7207289026148043,1
3.0635100483373785,14.179999999999742,602.0,0.05329087978630028,2.2807482108570145,0.7208698897631252,1
3.0628776465207643,14.179999999999742,603.0,0.05330261423052399,2.281210138361224,0.7210097443679888,1
3.0622460163721326,14.179999999999742,604.0,0.053314368702213566,2.2816706781676186,0.7211484714913121,1
3.061615157570454,14.169999999999742,605.0,0.05314543946847457,2.282129835072474,0.7245859561734314,1
3.060985069775676,14.169999999999742,606.0,0.05315717153335808,2.2825876138491954,0.7247231226748376,1
3.0603557526435967,14.169999999999742,607.0,0.053168923164068106,2.283044019255585,0.7248591761702092,1
3.059727205832025,14.169999999999742,608.0,0.05318069422765739,2.2834990560367916,0.7249941216331135,1
3.0590994289681777,14.159999999999743,609.0,0.05301219347257112,2.2839527289095,0.7284258996362967,1
3.0584724216718047,14.159999999999743,610.0,0.053023941035784526,2.28440504257314,0.7285593198991829,1
3.057846183567193,14.159999999999743,611.0,0.053035707584143686,2.284856001715762,0.7286916463121176,1
3.0572207142554593,14.159999999999743,612.0,0.05304749298962945,2.285305611000535,0.7288228837358792,1
3.056596013330682,14.149999999999743,613.0,0.052879417441533974,2.2857538750736275,0.7322490151061467,1
3.055972080376995,14.149999999999743,614.0,0.052891178295226576,2.286200798562747,0.7323787619816216,1
3.0553489149720114,14.149999999999743,615.0,0.05290295757165015,2.286646386078892,0.7325074337655064,1
3.054726516686633,14.149999999999743,616.0,0.052914755146024416,2.2870906422161608,0.7326350352320949,1
3.054104885061185,14.149999999999743,617.0,0.052926570895748565,2.2875335715402603,0.7327615711112989,1
3.0534840196678705,14.139999999999743,618.0,0.052758873653979056,2.2879751786187907,0.7361817233008447,1
3.0528639200156076,14.139999999999743,619.0,0.052770663544383076,2.288415467975064,0.7363068113880025,1
3.052244585661818,14.139999999999743,620.0,0.05278247119026919,2.2888544441423657,0.7364308474563508,1
3.051626016110941,14.139999999999743,621.0,0.052794296472642284,2.289292111614732,0.7365538361437338,1
3.051008210875195,14.129999999999743,622.0,0.05262701778384687,2.2897284748764166,0.7399684722056583,1
3.050391169464642,14.129999999999743,623.0,0.0526388162457387,2.2901635383971324,0.7400900460639206,1
3.049774891375403,14.129999999999743,624.0,0.052650631937791376,2.2905973066262413,0.7402105858207457,1
3.049159376090237,14.129999999999743,625.0,0.05266246474374144,2.2910297839931792,0.7403300960361279,1
3.048544623087698,14.119999999999743,626.0,0.05249560167027466,2.2914609749117916,0.7437392712290971,1
3.0479306318441997,14.119999999999743,627.0,0.052507406732270945,2.291890883781446,0.743857398864787,1
3.047317401813805,14.119999999999743,628.0,0.05251922851462587,2.2923195149771547,0.743974509960738,1
3.0467049324573945,14.119999999999743,629.0,0.05253106690383179,2.2927468728637996,0.7440906089989723,1
3.046093223222384,14.109999999999744,630.0,0.052364616605001774,2.2931729617862717,0.7474943771721472,1
3.0454822735448417,14.109999999999744,631.0,0.052376426364008105,2.293597786070552,0.7476091251702979,1
3.0448720828615192,14.109999999999744,632.0,0.052388252347770635,2.294021350029496,0.7477228738556501,1
3.0442626505941623,14.109999999999744,633.0,0.052400094446608154,2.294443657955304,0.7478356276153084,1
3.043653976163291,14.109999999999744,634.0,0.05241195255111746,2.2948647141262004,0.7479473908212291,1
3.0430460589748645,14.099999999999744,635.0,0.052245866791982835,2.2952845227999608,0.7513454748362405,1
3.04243889843807,14.099999999999744,636.0,0.05225769515367309,2.295703088222588,0.7514559259819888,1
3.041832493947206,14.099999999999744,637.0,0.05226953915287484,2.296120414619514,0.7515653989990692,1
3.041226844888726,14.099999999999744,638.0,0.05228139868371204,2.2965365061990664,0.7516738981698037,1
3.0406219506521497,14.089999999999744,639.0,0.05211571994959408,2.2969513671577344,0.7550666923045004,1
3.040017810609286,14.089999999999744,640.0,0.05212754892837067,2.297365001670164,0.7551739094432208,1
3.0394144241300958,14.089999999999744,641.0,0.05213939308127828,2.2977774138968203,0.7552801649161318,1
3.0388117905827294,14.089999999999744,642.0,0.05215125230494961,2.298188607984037,0.7553854629317867,1
3.0382099093217114,14.089999999999744,643.0,0.05216312649713945,2.298598588058348,0.7554898076714232,1
3.037608779695188,14.079999999999744,644.0,0.05199780593789389,2.2990073582299755,0.7588770620978946,1
3.037008401051923,14.079999999999744,645.0,0.052009648557391694,2.2994149225962484,0.7589801619334395,1
3.0364087727310354,14.079999999999744,646.0,0.052021505800688005,2.2998212852366584,0.7590823203714152,1
3.03580989406556,14.079999999999744,647.0,0.05203337756825274,2.300226450214597,0.7591835415164649,1
3.035211764385177,14.069999999999744,648.0,0.05186845870826697,2.3006304215787066,0.7625656166967114,1
3.034614382999362,14.069999999999744,649.0,0.05188029816581194,2.301033203354778,0.7626656215236718,1
3.0340177492352467,14.069999999999744,650.0,0.0518921518129209,2.30143479956402,0.7627647007020979,1
3.0334218624057034,14.069999999999744,651.0,0.0519040195526914,2.3018352142076854,0.7628628582616808,1
3.032826721806338,14.069999999999744,652.0,0.05191590128954802,2.3022344512656603,0.7629600982013436,1
3.032232326740063,14.059999999999745,653.0,0.051751334740930695,2.302632514708327,0.7663367701923567,1
3.031638676504904,14.059999999999745,654.0,0.05176318323130253,2.303029408490707,0.7664328292027454,1
3.0310457703911875,14.059999999999745,655.0,0.051775045395468136,2.3034251365511382,0.766527981958417,1
3.030453607666451,14.059999999999745,656.0,0.05178692114095002,2.3038197028040086,0.7666222323759282,1
3.029862187631863,14.049999999999745,657.0,0.05162275135741102,2.3042131111670012,0.7699938296121134,1
3.029271509541806,14.049999999999745,658.0,0.05163459318517117,2.304605365522334,0.7700869263276962,1
3.0286815726806493,14.049999999999745,659.0,0.05164644827970059,2.3049964697537795,0.7701791318569566,1
3.028092376303668,14.049999999999745,660.0,0.05165831655065805,2.305386427718258,0.7702704500501081,1
3.027503919674336,14.049999999999745,661.0,0.0516701979074688,2.30577524326381,0.7703608847519618,1
3.026916202047273,14.039999999999745,662.0,0.051506375034166815,2.3061629202213734,0.7737272078404978,1
3.0263292226694336,14.039999999999745,663.0,0.051518221616069323,2.3065494624054486,0.7738165225602593,1
3.0257429807891865,14.039999999999745,664.0,0.051530080981445514,2.3069348736184274,0.7739049646498604,1
3.0251574756492587,14.039999999999745,665.0,0.05154195304235621,2.3073191576472856,0.7739925378798298,1
3.0245727064828767,14.029999999999745,666.0,0.051378522361852384,2.3077023182617054,0.7773538849027581,1
3.0239886725248057,14.029999999999745,667.0,0.0513903590379777,2.3080843592194387,0.777440364087763,1
3.023405373004507,14.029999999999745,668.0,0.05140220811595099,2.308465284263022,0.7775259850626033,1
3.022822807147255,14.029999999999745,669.0,0.051414069510270846,2.30884509712037,0.7776107515271784,1
3.0222409741690943,14.029999999999745,670.0,0.05142594313627009,2.3092238015023527,0.777694667158968,1
3.0216598732955835,14.019999999999746,671.0,0.05126285439215756,2.309601401111826,0.7810508620137371,1
3.0210795037247085,14.019999999999746,672.0,0.05127469184896047,2.3099778996258977,0.7811337157497271,1
3.02049986467991,14.019999999999746,673.0,0.051286541253329446,2.310353300721342,0.7812157290543791,1
3.0199209553580717,14.019999999999746,674.0,0.051298402523138845,2.3107276080497012,0.7812969055333889,1
3.0193427749605344,14.019999999999746,675.0,0.05131027557623493,2.3111008252522156,0.781377248783691,1
3.0187653226840223,14.009999999999746,676.0,0.05114752628074985,2.3114729559554585,0.7847283568424273,1
3.0181885977230105,14.009999999999746,677.0,0.05115936241838661,2.3118440037725145,0.7848076695041444,1
3.0176125992718106,14.009999999999746,678.0,0.05117121006538634,2.312213972304018,0.7848861590818297,1
3.0170373265176615,14.009999999999746,679.0,0.05118306914182201,2.3125828651348774,0.7849638291061702,1
3.016462778643539,13.999999999999746,680.0,0.0510207057104006,2.3129506858356152,0.788310104240314,1
3.0158889548262624,13.999999999999746,681.0,0.051032527347746895,2.313317437961518,0.7883867677417313,1
3.015315854244249,13.999999999999746,682.0,0.05104436014874169,2.3136831250563885,0.7884626216327595,1
3.0147434760728524,13.999999999999746,683.0,0.05105620403553297,2.314047750650306,0.7885376693804504,1
3.0141718194903735,13.999999999999746,684.0,0.05106805893033204,2.314411318262571,0.7886119144418391,1
3.013600883643241,13.989999999999746,685.0,0.050906030574845766,2.3147738313850623,0.7919532145171677,1
3.0130306677120835,13.989999999999746,686.0,0.05091784734968694,2.3151352935138485,0.7920264829062291,1
3.012461170858427,13.989999999999746,687.0,0.05092967487604965,2.3154957081237764,0.7920989583108959,1
3.0118923922432277,13.989999999999746,688.0,0.05094151307854846,2.31585507867731,0.7921706441197855,1
3.0113243310119455,13.989999999999746,689.0,0.05095336188301285,2.3162134086174624,0.792241543693482,1
3.0107569863211556,13.979999999999746,690.0,0.050791666426450485,2.3165707013805252,0.7955779286521052,1
3.0101903573217585,13.979999999999746,691.0,0.05080347646299512,2.3169269603880878,0.7956478806456264,1
3.0096244431717354,13.979999999999746,692.0,0.05081529685260824,2.3172821890531488,0.7957170558931872,1
3.0090592429975183,13.979999999999746,693.0,0.05082712752358984,2.3176363907617015,0.7957854576859205,1
3.0084947559635125,13.979999999999746,694.0,0.05083896840219729,2.3179895689059733,0.7958530893396398,1
3.007930981183416,13.969999999999747,695.0,0.0506776037710055,2.3183417268421223,0.7991846172676766,1
3.007367917815667,13.969999999999747,696.0,0.050689405266921124,2.318692867935781,0.799251329670988,1
3.0068055649897882,13.969999999999747,697.0,0.0507012167315563,2.3190429955269996,0.7993172811742182,1
3.006243921837475,13.969999999999747,698.0,0.05071303809446554,2.3193921129450645,0.7993824750108796,1
3.0056829874879982,13.969999999999747,699.0,0.050724869285612484,2.319740223506373,0.7994469143996119,1
3.0051227610692304,13.959999999999747,700.0,0.05056383350315844,2.320087330514916,0.8027736416197069,1
3.0045632417096724,13.959999999999747,701.0,0.05057562472739451,2.3204334372633073,0.8028371893686157,1
3.004004428530442,13.959999999999747,702.0,0.05058742554844718,2.3207785470289832,0.8028999916995823,1
3.0034463206546786,13.959999999999747,703.0,0.05059923589795188,2.3211226630786976,0.8029620517756788,1
3.0028889172067634,13.959999999999747,704.0,0.05061105570774291,2.321465788668217,0.8030233727488565,1
3.002332217287702,13.949999999999747,705.0,0.05045034689268952,2.3218079270306218,0.8063453538344596,1
3.0017762200292517,13.949999999999747,706.0,0.05046212618223785,2.322149081402068,0.8064058100544715,1
3.0012209245401027,13.949999999999747,707.0,0.05047391470876551,2.3224892549962557,0.8064655359833759,1
3.0006663299303193,13.949999999999747,708.0,0.05048571240625805,2.3228284510160604,0.8065245347101719,1
3.000112435314798,13.949999999999747,709.0,0.050497519208665465,2.3231666726552116,0.8065828093163887,1
2.9995592397867155,13.939999999999747,710.0,0.05033713556892468,2.3235039230857093,0.8099000971783947,1
2.99900674247275,13.939999999999747,711.0,0.05034890132595788,2.323840205484105,0.809957533238642,1
2.998454942458671,13.939999999999747,712.0,0.05036067597262298,2.3241755229961614,0.8100142537746255,1
2.997903838860206,13.939999999999747,713.0,0.05037245944410762,2.324509878770551,0.8100702618204096,1
2.997353430770843,13.939999999999747,714.0,0.05038425167718436,2.324843275934133,0.8101255603762452,1
2.9968037172948354,13.929999999999747,715.0,0.05022419150686591,2.3251757176075833,0.8134382063023784,1
2.996254697527013,13.929999999999747,716.0,0.050235942197459506,2.3255072068959306,0.8134926918439647,1
2.995706370571004,13.929999999999747,717.0,0.05024770144031288,2.325837746897182,0.813546476311154,1
2.995158735505663,13.929999999999747,718.0,0.050259469174358466,2.326167340686405,0.8135995626422037,1
2.994611791437437,13.929999999999747,719.0,0.0502712453371238,2.3264959913406855,0.8136519537905416,1
2.9940655374561445,13.919999999999748,720.0,0.050111507013842746,2.32682370191809,0.8169600074796282,1
2.9935199726493207,13.919999999999748,721.0,0.05012324116385838,2.3271504754645687,0.8170116104903118,1
2.992975096109132,13.919999999999748,722.0,0.05013498354093704,2.327476315017243,0.8170625265259073,1
2.9924309069265247,13.919999999999748,723.0,0.05014673408479829,2.3278012236016448,0.8171127584776572,1
2.991887404174078,13.919999999999748,724.0,0.05015849273651487,2.3281252042236567,0.8171623092071074,1
2.9913445869543844,13.909999999999748,725.0,0.04999907471688963,2.3284482598924314,0.8204658188336542,1
2.9908024543420852,13.909999999999748,726.0,0.050010790910843095,2.3287703935930213,0.8205146056741446,1
2.9902610054290024,13.909999999999748,727.0,0.05002251501663704,2.3290916083077033,0.8205627193265659,1
2.989720239281975,13.909999999999748,728.0,0.050034246976920646,2.329411906996136,0.8206101626005498,1
2.9891801549932433,13.909999999999748,729.0,0.05004598673307866,2.3297312926191704,0.8206569383189597,1
2.9886407516407862,13.909999999999748,730.0,0.05005773422760124,2.3300497681201646,0.8207030492791942,1
2.9881020283058843,13.899999999999748,731.0,0.049898584428428344,2.330367336433254,0.8240019860250796,1
2.987563984058084,13.899999999999748,732.0,0.04991028891467527,2.3306840004763867,0.8240473617489672,1
2.987026617983121,13.899999999999748,733.0,0.04992200095171455,2.330999763164432,0.8240920805125709,1
2.986489929151643,13.899999999999748,734.0,0.04993372048370505,2.331314627394527,0.8241361450605864,1
2.9859539166438944,13.899999999999748,735.0,0.04994544745447786,2.3316285960577066,0.8241795581356719,1
2.9854185795313213,13.889999999999748,736.0,0.04978661500040947,2.3319416720302897,0.8274740525026565,1
2.984883916877624,13.889999999999748,737.0,0.0497982985714978,2.3322538581744054,0.8275167532422276,1
2.9843499277695305,13.889999999999748,738.0,0.049809989400100854,2.332565157352501,0.8275588101250075,1
2.983816611275793,13.889999999999748,739.0,0.049821687431951464,2.3328755724080885,0.827600225837565,1
2.9832839664663773,13.889999999999748,740.0,0.049833392612952714,2.3331851061747955,0.8276410030564187,1
2.982751992405205,13.879999999999749,741.0,0.04967487619313624,2.3334937614729916,0.8309310986069625,1
2.9822206881694293,13.879999999999749,742.0,0.04968653760506187,2.3338015411188797,0.8309711858213458,1
2.9816900528274064,13.879999999999749,743.0,0.049698205990963994,2.3341084479141854,0.8310106419811203,1
2.981160085446684,13.879999999999749,744.0,0.04970988129808,2.33441448464991,0.8310494697162054,1
2.980630785094118,13.879999999999749,745.0,0.04972156347395632,2.334719654106467,0.8310876716448081,1
2.9801021508363106,13.869999999999749,746.0,0.04956336184310042,2.3350239590538586,0.8343734106080669,1
2.9795741817433252,13.869999999999749,747.0,0.049574999902349315,2.3353274022535206,0.8344109442983079,1
2.979046876878258,13.869999999999749,748.0,0.049586644661010496,2.335629986453405,0.8344478594493157,1
2.9785202353066924,13.869999999999749,749.0,0.04959829606787431,2.3359317143924576,0.834484158634452,1
2.9779942560951116,13.869999999999749,750.0,0.04960995407192818,2.336232588799959,0.8345198444170956,1
2.9774689383142614,13.869999999999749,751.0,0.04962161862214857,2.3365326123970336,0.8345549193538493,1
2.976944281013181,13.859999999999749,752.0,0.049463679610108,2.3368317878845946,0.8378363064625669,1
2.976420283267799,13.859999999999749,753.0,0.04947529960475144,2.33713011796612,0.83787073891612,1
2.9758969441406715,13.859999999999749,754.0,0.04948692598303696,2.337427605328826,0.8379045675871788,1
2.97537426269381,13.859999999999749,755.0,0.04949855869563261,2.3377242526496604,0.8379377949810491,1
2.9748522379889275,13.859999999999749,756.0,0.049510197693457235,2.33802006259554,0.8379704235920868,1
2.9743308690983032,13.84999999999975,757.0,0.04935257112410526,2.338315037828402,0.841247543285742,1
2.973810155062967,13.84999999999975,758.0,0.04936416526402389,2.33860918098566,0.8412795499865333,1
2.973290094963455,13.84999999999975,759.0,0.04937576553135358,2.3389024947133925,0.8413109648170745,1
2.9727706878591373,13.84999999999975,760.0,0.0493873718783083,2.339194981637964,0.8413417902272982,1
2.9722519328109827,13.84999999999975,761.0,0.049398984257243345,2.339486644376668,0.8413720286581023,1
2.971733828870496,13.84999999999975,762.0,0.049410602621324885,2.339777485532666,0.8414016825307158,1
2.9712163751192118,13.83999999999975,763.0,0.049253236319432,2.34006750771341,0.8446745556546746,1
2.9706995706005785,13.83999999999975,764.0,0.04926480943729765,2.3403567134988634,0.8447036119984264,1
2.9701834143777806,13.83999999999975,765.0,0.04927638838871298,2.340645105468564,0.8447320905056284,1
2.969667905522203,13.83999999999975,766.0,0.04928797312679632,2.3409326861962487,0.8447599935754331,1
2.9691530430903224,13.83999999999975,767.0,0.04929956360579124,2.3412194582390935,0.844787323582163,1
2.9686388261457965,13.83999999999975,768.0,0.04931115977973896,2.341505424148059,0.844814082896781,1
2.968125253736883,13.82999999999975,769.0,0.04915405265465267,2.3417905864573885,0.8480827643887019,1
2.9676123249415403,13.82999999999975,770.0,0.049165603221473356,2.3420749477056937,0.8481089498141987,1
2.9671000388106,13.82999999999975,771.0,0.049177159338108144,2.342358510409438,0.848134571076534,1
2.966588394412923,13.82999999999975,772.0,0.049188720959404866,2.342641277084068,0.8481596305111323,1
2.966077390800406,13.82999999999975,773.0,0.04920028804146509,2.342923250227691,0.8481841304267779,1
2.965567027041413,13.81999999999975,774.0,0.04904349035470226,2.34320443233674,0.8514486710535254,1
2.9650573021933493,13.81999999999975,775.0,0.04905501158993923,2.3434848258931735,0.8514726159476664,1
2.9645482153225466,13.81999999999975,776.0,0.04906653814471941,2.3437644333737855,0.8514960077178255,1
2.9640397654847765,13.81999999999975,777.0,0.04907806997600925,2.3440432572411787,0.8515188486366194,1
2.963531951752918,13.81999999999975,778.0,0.04908960703998793,2.344321299956656,0.851541140983225,1
2.9630247731733084,13.81999999999975,779.0,0.04910114929466031,2.3445985639599507,0.8515628870011314,1
2.962518228817647,13.80999999999975,780.0,0.04894460891651643,2.344875051693371,0.854823330687456,1
2.962012317740248,13.80999999999975,781.0,0.04895610500887624,2.345150765582014,0.8548445440573,1
2.961507039014224,13.80999999999975,782.0,0.04896760615587378,2.345425708050552,0.8548652173246922,1
2.9610023917053865,13.80999999999975,783.0,0.0489791123154294,2.345699881511167,0.8548853527127911,1
2.96049837486277,13.80999999999975,784.0,0.04899062344668519,2.345973288359184,0.8549049524187029,1
2.9599949875534035,13.80999999999975,785.0,0.04900213950796364,2.3462459309892183,0.8549240186471327,1
2.959492228847441,13.79999999999975,786.0,0.04884585559336004,2.346517811788341,0.8581804148196333,1
2.958990097808201,13.79999999999975,787.0,0.048857325199305315,2.3467889331314478,0.8581989701252823,1
2.9584885935038017,13.79999999999975,788.0,0.048868799604543336,2.34705929738672,0.8582169980100267,1
2.9579877149779157,13.79999999999975,789.0,0.04888027876983421,2.3473289069020655,0.8582345006175538,1
2.957487461318379,13.79999999999975,790.0,0.0488917626535639,2.3475977640370003,0.8582514801246428,1
2.9569878315837794,13.78999999999975,791.0,0.04873578575414295,2.3478658711285765,0.8615038490492732,1
2.9564888248393415,13.78999999999975,792.0,0.04874722299850861,2.3481332305081133,0.8615203349374365,1
2.955990440148487,13.78999999999975,793.0,0.04875866483598775,2.3483998444972958,0.8615363036273933,1
2.9554926765844947,13.78999999999975,794.0,0.04877011122687269,2.348665715413568,0.8615517572439924,1
2.954995533205835,13.78999999999975,795.0,0.04878156213255325,2.3489308455587947,0.8615666978883187,1
2.954499009086855,13.78999999999975,796.0,0.04879301751369834,2.349195237233459,0.8615811276673273,1
2.954003103293014,13.77999999999975,797.0,0.04863729563078206,2.349458892725257,0.8648295341539747,1
2.9535078148924634,13.77999999999975,798.0,0.04864870412046421,2.349721814314452,0.8648434908693645,1
2.953013142959385,13.77999999999975,799.0,0.04866011696437696,2.349984004275485,0.8648569424756778,1
2.9525190865499336,13.77999999999975,800.0,0.048671534125294534,2.350245464865858,0.8648698910252397,1
2.952025644747231,13.77999999999975,801.0,0.04868295556464136,2.3505061983469444,0.8648823385870794,1
2.9515328166187857,13.77999999999975,802.0,0.04869438124497295,2.3507662069644,0.864894287205928,1
2.951040601235995,13.76999999999975,803.0,0.048538913747057766,2.3510254929571173,0.8681387756848837,1
2.950548997666651,13.76999999999975,804.0,0.04855029230428214,2.351284058553876,0.8681502711927471,1
2.9500580049765577,13.76999999999975,805.0,0.04856167498652642,2.3515419059762044,0.8681612733507464,1
2.949567622254219,13.76999999999975,806.0,0.04857306175627414,2.3517990374413973,0.8681717841833407,1
2.949077848565322,13.76999999999975,807.0,0.04858445257735498,2.3520554551539816,0.8681818056900301,1
2.9485886829851307,13.76999999999975,808.0,0.04859584741332655,2.352311161312525,0.8681913398684462,1
2.948100124586242,13.759999999999751,809.0,0.0484406337382185,2.352566158106019,0.8714319531045063,1
2.9476121724479696,13.759999999999751,810.0,0.04845198123910077,2.3528204477182313,0.8714410535398134,1
2.947124825645192,13.759999999999751,811.0,0.04846333264278575,2.3530740323226214,0.8714496720996125,1
2.9466380832432044,13.759999999999751,812.0,0.048474687914411826,2.353326914079956,0.8714578107362909,1
2.946151944339802,13.759999999999751,813.0,0.04848604701743394,2.3535790951577464,0.8714654714246051,1
2.945666407988002,13.759999999999751,814.0,0.04849740991813426,2.3538305776947075,0.8714726560872825,1
2.94518147328743,13.749999999999751,815.0,0.048342449568363255,2.3540813638427958,0.8747094352567015,1
2.944697139308489,13.749999999999751,816.0,0.04835376494077515,2.3543314557324146,0.8747162049781623,1
2.9442134051370346,13.749999999999751,817.0,0.04836508400206634,2.354580855492939,0.8747225039987248,1
2.943730269841,13.749999999999751,818.0,0.04837640671863995,2.354829565237414,0.8747283342205534,1
2.9432477325140884,13.749999999999751,819.0,0.04838773305559965,2.3550775870826857,0.8747336975618589,1
2.9427657922325885,13.749999999999751,820.0,0.048399062979273016,2.3553249231295466,0.8747385959153378,1
2.942284448084489,13.749999999999751,821.0,0.04841039645552773,2.3555715754761697,0.8747430311762456,1
2.9418036991482737,13.739999999999752,822.0,0.04825563774070321,2.3558175462083777,0.8779760822981464,1
2.941323544509839,13.739999999999752,823.0,0.04826692344455725,2.3560628374074573,0.8779801241334517,1
2.940843983254509,13.739999999999752,824.0,0.04827821259819952,2.3563074511464968,0.877983708016608,1
2.9403650144725377,13.739999999999752,825.0,0.048289505168313894,2.3565513894929624,0.8779868358109411,1
2.939886637239949,13.739999999999752,826.0,0.048300801122645926,2.3567946544999128,0.877989509357515,1
2.939408850651319,13.739999999999752,827.0,0.04831210042804884,2.35703724822109,0.8779917305067075,1
2.9389316537973764,13.729999999999752,828.0,0.04815759427216406,2.357279172700639,0.8812210323317518,1
2.938455045763776,13.729999999999752,829.0,0.04816884565036161,2.3575204299726,0.8812228776825486,1
2.937979025648136,13.729999999999752,830.0,0.04818010028019556,2.357761022068734,0.8812242756505335,1
2.9375035925244544,13.729999999999752,831.0,0.04819135813067148,2.358000951002252,0.8812252280328854,1
2.937028745499959,13.729999999999752,832.0,0.04820261916907241,2.3582402187938762,0.881225736650302,1
2.9365544836656428,13.729999999999752,833.0,0.04821388336382048,2.3584788274492072,0.8812258032995135,1
2.936080806102763,13.719999999999752,834.0,0.04805962945725191,2.358716778961745,0.8844513922636748,1
2.9356077119214192,13.719999999999752,835.0,0.04807084558694495,2.3589540753305536,0.8844511002199134,1
2.9351352002084647,13.719999999999752,836.0,0.04808206477799709,2.3591907185364627,0.884450371080427,1
2.9346632700613076,13.719999999999752,837.0,0.04809328699939091,2.3594267105575466,0.8844492066153498,1
2.9341919205776277,13.719999999999752,838.0,0.048104512220293806,2.359662053364455,0.8844476085868453,1
2.9337211508585876,13.719999999999752,839.0,0.04811574040980682,2.359896748924034,0.8844455787543442,1
2.93325095999071,13.709999999999752,840.0,0.047961738495452454,2.3601307991829255,0.8876674899150723,1
2.93278134708861,13.709999999999752,841.0,0.04797291849783232,2.360364206098898,0.8876651179965309,1
2.9323123112493676,13.709999999999752,842.0,0.04798410137732926,2.3605969716124404,0.8876623190205442,1
2.9318438515709873,13.709999999999752,843.0,0.0479952871042075,2.3608290976570383,0.8876590947093381,1
2.9313759671551827,13.709999999999752,844.0,0.048006475648726114,2.3610605861604097,0.8876554467805584,1
2.93090865711263,13.709999999999752,845.0,0.048017666980875076,2.3612914390453126,0.8876513769507224,1
2.930441920538907,13.709999999999752,846.0,0.04802886107153173,2.361521658225657,0.8876468869192369,1
2.929975756548998,13.699999999999752,847.0,0.047875059889825204,2.3617512456112966,0.8908652482401991,1
2.9295101642381716,13.699999999999752,848.0,0.0478862056275287,2.3619802030977777,0.8908604351738969,1
2.929045142723499,13.699999999999752,849.0,0.047897354035761855,2.3622085325832898,0.8908552065169393,1
2.9285806911107737,13.699999999999752,850.0,0.047908505085824886,2.362436235953675,0.8908495639435863,1
2.9281168085074394,13.699999999999752,851.0,0.04791965874913158,2.36266331508828,0.8908435091217655,1
2.9276534940316417,13.699999999999752,852.0,0.04793081499666758,2.362889771864161,0.8908370437218289,1
2.9271907467772738,13.689999999999753,853.0,0.04777726552431858,2.363115608140167,0.8940517993961907,1
2.9267285658752784,13.689999999999753,854.0,0.04778837332903792,2.3633408257848565,0.8940450265364888,1
2.9262669504291727,13.689999999999753,855.0,0.04779948363426223,2.363565426647223,0.8940378475758517,1
2.9258058995576257,13.689999999999753,856.0,0.0478105964118382,2.363789412576026,0.8940302641544133,1
2.925345412381553,13.689999999999753,857.0,0.04782171163365641,2.3640127854140167,0.894022277906773,1
2.924885488000261,13.689999999999753,858.0,0.047832829273064106,2.3642355469870804,0.8940138904391497,1
2.924426125545489,13.689999999999753,859.0,0.04784394930171079,2.3644576991288133,0.8940051033811158,1
2.923967324133314,13.679999999999753,860.0,0.04769060052438198,2.3646792436587085,0.8972163916294715,1
2.923509082884705,13.679999999999753,861.0,0.04770167198014805,2.364900182391537,0.8972073149970192,1
2.923051400915755,13.679999999999753,862.0,0.04771274574498696,2.3651205171329015,0.8971978431187828,1
2.9225942773534754,13.679999999999753,863.0,0.047723821791695854,2.3653402496864264,0.8971879775898455,1
2.9221377113209246,13.679999999999753,864.0,0.04773490009347946,2.3655593818470755,0.897177719993997,1
2.9216817019363233,13.679999999999753,865.0,0.04774598062402394,2.3657779154007765,0.8971670719029154,1
2.921226248326745,13.669999999999753,866.0,0.047592883486822314,2.3659958521305664,0.9003748207785547,1
2.9207713496236396,13.669999999999753,867.0,0.047603915383839436,2.3662131938146844,0.9003638977248352,1
2.920317004944775,13.669999999999753,868.0,0.0476149494323153,2.366429942218388,0.9003525884120069,1
2.919863213426355,13.669999999999753,869.0,0.04762598560573181,2.366646099108484,0.9003408943995519,1
2.9194099741940116,13.669999999999753,870.0,0.047637023878374374,2.366861666240254,0.900328817229481,1
2.91895728638662,13.669999999999753,871.0,0.047648064223952964,2.3670766453682526,0.9003163584490927,1
2.9185051491202607,13.669999999999753,872.0,0.04765910661766762,2.3672910382300385,0.9003035195766012,1
2.9180535615439784,13.659999999999753,873.0,0.04750621037730551,2.3675048465713697,0.9035078767621794,1
2.9176025227771873,13.659999999999753,874.0,0.047517204040882555,2.367718072117992,0.9034947797091009,1
2.91715203196505,13.659999999999753,875.0,0.04752819967791787,2.3679307166006294,0.903481306686404,1
2.916702088241834,13.659999999999753,876.0,0.04753919726339543,2.3681427817384852,0.9034674592010223,1
2.9162526907440807,13.659999999999753,877.0,0.04755019677235156,2.368354269245224,0.9034532387548602,1
2.9158038386084693,13.659999999999753,878.0,0.04756119817999869,2.3685651808279897,0.9034386468427444,1
2.9153555309770818,13.659999999999753,879.0,0.04757220146142547,2.3687755181898553,0.9034236849575183,1
2.9149077669871772,13.649999999999753,880.0,0.04741950634713699,2.368985283025179,0.9066246890462824,1
2.914460545785531,13.649999999999753,881.0,0.047430460818242336,2.3691944770261353,0.9066094852035191,1
2.9140138665105177,13.649999999999753,882.0,0.04744141709259582,2.3694031018746387,0.9065939153728892,1
2.91356772831018,13.649999999999753,883.0,0.047452375145750035,2.3696111592505176,0.9065779810249575,1
2.9131221303302053,13.649999999999753,884.0,0.047463334953633134,2.3698186508244454,0.9065616836193346,1
2.9126770717052746,13.649999999999753,885.0,0.0474742964927949,2.37002557826085,0.9065450246032378,1
2.9122325515959755,13.649999999999753,886.0,0.04748525973867383,2.3702319432242476,0.9065280054363698,1
2.911788569148759,13.639999999999754,887.0,0.047332766038330296,2.3704377473681983,0.90972569329081,1
2.9113451235127212,13.639999999999754,888.0,0.04734368040947037,2.3706429923411223,0.909708447848339,1
2.910902213836073,13.639999999999754,889.0,0.047354596420117474,2.370847679784745,0.9096908461186497,1
2.9104598392768475,13.639999999999754,890.0,0.047365514046589736,2.3710518113389103,0.9096728895335013,1
2.9100179989815183,13.639999999999754,891.0,0.047376433266028126,2.371255388631992,0.9096545795067712,1
2.909576692111166,13.639999999999754,892.0,0.04738735405492914,2.3714584132927046,0.9096359174594042,1
2.9091359178157523,13.639999999999754,893.0,0.04739827639059016,2.37166088693854,0.9096169047949316,1
2.9086956752587474,13.629999999999754,894.0,0.04724598444854756,2.3718628111868503,0.9128113115921286,1
2.908255963591072,13.629999999999754,895.0,0.04725685786034716,2.3720641876431925,0.9127920878069025,1
2.9078167819760647,13.629999999999754,896.0,0.04726773275419862,2.3722650179125395,0.9127725171618888,1
2.907378129577299,13.629999999999754,897.0,0.04727860910739953,2.3724653035938124,0.9127526010469378,1
2.9069400055508194,13.629999999999754,898.0,0.047289486897855434,2.3726650462764765,0.9127323408380656,1
2.906502409062561,13.629999999999754,899.0,0.04730036610306788,2.3728642475483364,0.9127117379139951,1
2.906065339277592,13.629999999999754,900.0,0.04731124670077692,2.373062908990718,0.9126907936459401,1
2.9056287953600006,13.619999999999754,901.0,0.047159156914475246,2.3732610321784806,0.9158819529433841,1
2.905192776475483,13.619999999999754,902.0,0.047169988553509005,2.3734586186811755,0.9158608122051219,1
2.904757281791021,13.619999999999754,903.0,0.0471808215235742,2.3736556700629334,0.9158393337631376,1
2.9043223104803912,13.619999999999754,904.0,0.047191655802672,2.373852187884936,0.9158175189709639,1
2.903887861714544,13.619999999999754,905.0,0.04720249136912103,2.374048173701122,0.9157953691728846,1
2.903453934653195,13.619999999999754,906.0,0.04721332820205199,2.374243629054499,0.9157728856960221,1
2.90302052847908,13.619999999999754,907.0,0.04722416627945821,2.3744385554924343,0.9157500698828309,1
2.9025876423699173,13.609999999999754,908.0,0.04707227909572144,2.3746329545541243,0.918938013689687,1
2.902155275484633,13.609999999999754,909.0,0.047083068193535874,2.374826827764555,0.9189150155656227,1
2.9017234270140047,13.609999999999754,910.0,0.04709385847686169,2.375020176657025,0.9188916886427434,1
2.9012920961397004,13.609999999999754,911.0,0.04710464992448869,2.375213002754941,0.9188680342371383,1
2.9008612820188433,13.609999999999754,912.0,0.047115442516776684,2.3754053075649844,0.9188440536352709,1
2.9004309838519315,13.609999999999754,913.0,0.04712623623178172,2.3755970926073267,0.9188197481582903,1
2.900001200813803,13.609999999999754,914.0,0.04713703104918299,2.3757883593849605,0.9187951190967092,1
2.899571932084275,13.599999999999755,915.0,0.046985346962600524,2.375979109397347,0.9219798779098904,1
2.8991431768498885,13.599999999999755,916.0,0.04699609279221791,2.3761693441412017,0.9219550802309688,1
2.8987149343022383,13.599999999999755,917.0,0.047006839667673814,2.376359065109767,0.9219299624053368,1
2.898287203607004,13.599999999999755,918.0,0.04701758756988055,2.37654827377908,0.9219045256901295,1
2.8978599839697754,13.599999999999755,919.0,0.04702833647767296,2.3767369716372495,0.9218787713740073,1
2.89743327457553,13.599999999999755,920.0,0.04703908637120695,2.3769251601575574,0.9218527007198953,1
2.8970070746195233,13.599999999999755,921.0,0.04704983723021648,2.3771128408122357,0.9218263149942627,1
2.8965813832751413,13.589999999999755,922.0,0.046898356778830794,2.3773000150581978,0.9250079178801975,1
2.8961561997483267,13.589999999999755,923.0,0.04690905865496507,2.377486684361202,0.9249813767645456,1
2.8957315232340246,13.589999999999755,924.0,0.0469197614431285,2.3776728501765616,0.9249545239053192,1
2.895307352919767,13.589999999999755,925.0,0.04693046512420094,2.377858513950747,0.9249273605375568,1
2.8948836880091733,13.589999999999755,926.0,0.04694116967831007,2.3780436771318305,0.9248998879054091,1
2.89446052769428,13.589999999999755,927.0,0.046951875086418786,2.378228341157243,0.9248721072360153,1
2.8940378711739516,13.589999999999755,928.0,0.04696258132923005,2.378412507461941,0.9248440197569101,1
2.8936157176550834,13.579999999999755,929.0,0.0468113050920596,2.378596177478972,0.9280224944020612,1
2.893194066326264,13.579999999999755,930.0,0.04682196236800327,2.3787793526278094,0.9279942643333439,1
2.892772916401374,13.579999999999755,931.0,0.046832620427162595,2.3789620343336986,0.9279657306937412,1
2.8923522670739117,13.579999999999755,932.0,0.04684327925126469,2.3791442240074496,0.9279368946821966,1
2.891932117559293,13.579999999999755,933.0,0.0468539388209407,2.3793259230641763,0.9279077575124004,1
2.89151246705901,13.579999999999755,934.0,0.046864599117773666,2.3795071329074267,0.9278783203789447,1
2.891093314779625,13.579999999999755,935.0,0.04687526012320898,2.3796878549376714,0.9278485844753408,1
2.89067465993202,13.579999999999755,936.0,0.04688592181860978,2.3798680905519283,0.9278185509932695,1
2.890256501723537,13.569999999999755,937.0,0.04673480078583645,2.3800478411403345,0.9309940910825945,1
2.88983883937193,13.569999999999755,938.0,0.046745413511571327,2.3802271080923303,0.9309639293326819,1
2.8894216720765153,13.569999999999755,939.0,0.04675602687930557,2.380405892783922,0.930933473120992,1
2.8890049990624806,13.569999999999755,940.0,0.04676664087027065,2.3805841965972805,0.9309027236298191,1
2.8885888195410807,13.569999999999755,941.0,0.04677725546663905,2.380762020903171,0.9308716820225273,1
2.8881731327351794,13.569999999999755,942.0,0.0467878706500763,2.380939367072259,0.9308403494676687,1
2.887757937849009,13.569999999999755,943.0,0.046798486403457976,2.3811162364617964,0.9308087271104915,1
2.887343234105977,13.559999999999755,944.0,0.046647571018545345,2.3812926304322772,0.9339811945092729,1
2.886929020737208,13.559999999999755,945.0,0.04665813784240596,2.3814685503424253,0.9339494557824315,1
2.8865152969462406,13.559999999999755,946.0,0.046668705190090566,2.3816439975336925,0.9339174302858066,1
2.8861020619691335,13.559999999999755,947.0,0.046679273043350206,2.381818973356672,0.9338851191722786,1
2.8856893150261884,13.559999999999755,948.0,0.04668984138495549,2.381993479149925,0.9338525235742665,1
2.885277055348414,13.559999999999755,949.0,0.04670041019723708,2.3821675162516005,0.9338196446286211,1
2.8848652821439402,13.559999999999755,950.0,0.04671097946395693,2.382341085984771,0.9337864834451064,1
2.8844539946560412,13.559999999999755,951.0,0.04672154916704887,2.3825141896828077,0.9337530411608994,1
2.8840431921151923,13.549999999999756,952.0,0.0465707908092513,2.38268682866847,0.936922635737073,1
2.8836328737405346,13.549999999999756,953.0,0.046581311606852784,2.3828590042544873,0.9368890904009908,1
2.8832230387696294,13.549999999999756,954.0,0.04659183279723558,2.3830307177567,0.9368552668949299,1
2.88281368643597,13.549999999999756,955.0,0.04660235436353588,2.3832019704841145,0.9368211663251556,1
2.882404815973304,13.549999999999756,956.0,0.04661287628901794,2.3833727637409283,0.9367867897927327,1
2.881996426616927,13.549999999999756,957.0,0.04662339855699853,2.3835430988270367,0.9367521383946844,1
2.881588517599347,13.549999999999756,958.0,0.046633921151107115,2.383712977036175,0.936717213219957,1
2.8811810881689652,13.549999999999756,959.0,0.046644444054220836,2.3838823996641163,0.9366820153669997,1
2.880774137551914,13.539999999999756,960.0,0.046493843784185966,2.3840513679919884,0.9398487678033203,1
2.8803676649915393,13.539999999999756,961.0,0.04650431781890676,2.3842198833035653,0.9398134797130837,1
2.8799616697330763,13.539999999999756,962.0,0.04651479212155408,2.384387946878584,0.9397779217755962,1
2.8795561510183663,13.539999999999756,963.0,0.04652526667599751,2.3845555599904316,0.9397420950620283,1
2.8791511080930983,13.539999999999756,964.0,0.0465357414660508,2.3847227239093427,0.9397060006418214,1
2.878746540201316,13.539999999999756,965.0,0.04654621647575136,2.3848894399000273,0.9396696395775594,1
2.8783424465881398,13.539999999999756,966.0,0.04655669168922366,2.385055709222854,0.9396330129275186,1
2.877938826509882,13.539999999999756,967.0,0.04656716709009711,2.385221533138302,0.9395961217552029,1
2.8775356791994353,13.529999999999756,968.0,0.046416726015252506,2.3853869128918572,0.9427600610161815,1
2.8771330039189422,13.529999999999756,969.0,0.04642715259668069,2.385551849737017,0.9427230919461702,1
2.876730799919308,13.529999999999756,970.0,0.04643757932663133,2.385716344917655,0.9426858610921065,1
2.87632906645013,13.529999999999756,971.0,0.04644800618973112,2.385880399672337,0.9426483694906507,1
2.8759278027688264,13.529999999999756,972.0,0.04645843317030827,2.3860440152383586,0.9426106181806162,1
2.875527008134787,13.529999999999756,973.0,0.046468860252729956,2.3862071928491773,0.942572608197475,1
2.8751266817899332,13.529999999999756,974.0,0.04647928742246763,2.3863699337259803,0.9425343405551616,1
2.8747268230063283,13.519999999999756,975.0,0.04632905550268869,2.386532239098431,0.9456953049844856,1
2.874327431046661,13.519999999999756,976.0,0.04633943393468377,2.386694110187477,0.9456569696946542,1
2.8739285051499266,13.519999999999756,977.0,0.04634981241691871,2.3868555481991325,0.9456183794062083,1
2.873530044600046,13.519999999999756,978.0,0.04636019093314345,2.3870165543543584,0.9455795351523997,1
2.8731320486560405,13.519999999999756,979.0,0.04637056946860709,2.3871771298586997,0.9455404379380958,1
2.8727345165697944,13.519999999999756,980.0,0.04638094800911041,2.3873372759100393,0.9455010887564292,1
2.87233744762334,13.519999999999756,981.0,0.04639132653889912,2.3874969937147883,0.9454614886237032,1
2.8719408410741107,13.519999999999756,982.0,0.046401705043734046,2.3876562844641502,0.945421638528184,1
2.8715446961881543,13.509999999999756,983.0,0.04625163448173767,2.387815149348551,0.9485798389822682,1
2.8711490122424794,13.509999999999756,984.0,0.04626196431984448,2.3879735895586576,0.9485399327102058,1
2.8707537884977454,13.509999999999756,985.0,0.04627229409800432,2.3881316062735585,0.948499779048241,1
2.870359024235881,13.509999999999756,986.0,0.046282623801196306,2.3882892006771015,0.9484593789880833,1
2.8699647187271142,13.509999999999756,987.0,0.04629295341518163,2.3884463739435793,0.9484187335055452,1
2.8695708712457164,13.509999999999756,988.0,0.046303282925637894,2.388603127244633,0.9483778435753363,1
2.869177481066232,13.509999999999756,989.0,0.04631361231835623,2.388759461747561,0.9483367101674851,1
2.868784547468144,13.509999999999756,990.0,0.046323941578983285,2.388915378617404,0.9482953342517666,1
2.8683920697254064,13.509999999999756,991.0,0.046334270693606516,2.3890708790124218,0.9482537167879246,1
2.868000047121111,13.499999999999757,992.0,0.04618431427459052,2.3892259640904334,0.9514093740778531,1
2.867608478936261,13.499999999999757,993.0,0.0461945947841902,2.3893806350039926,0.9513677130177716,1
2.867217364449583,13.499999999999757,994.0,0.04620487511470298,2.3895348929003273,0.9513258128924675,1
2.8668267029459225,13.499999999999757,995.0,0.04621515525219256,2.3896887389249746,0.9512836746529816,1
2.866436493714987,13.499999999999757,996.0,0.046225435182568136,2.38984217422125,0.9512412992501074,1
2.8660467360288395,13.499999999999757,997.0,0.046235714892852865,2.3899951999205484,0.9511986876133949,1
2.8656574291925074,13.499999999999757,998.0,0.046245994368376724,2.390147817164195,0.9511558406984071,1
2.865268572475998,13.499999999999757,999.0,0.046256273596530915,2.390300027074152,0.9511127594232978,1
2.864880165180565,13.489999999999757,1000.0,0.04610648121366916,2.390451830781595,0.9542657034865227,1
2.8644922065954814,13.489999999999757,1001.0,0.046116711929106886,2.3906032294082697,0.9542225891951384,1
2.8641046960169896,13.489999999999757,1002.0,0.04612694236520143,2.3907542240747257,0.9541792429586244,1
2.8637176327212086,13.489999999999757,1003.0,0.04613717250956408,2.3909048158886073,0.9541356656824833,1
2.863331016019962,13.489999999999757,1004.0,0.04614740234795308,2.391055005968751,0.9540918583008604,1
2.8629448452027364,13.489999999999757,1005.0,0.0461576318675004,2.3912047954201956,0.9540478217224437,1
2.8625591195667117,13.489999999999757,1006.0,0.0461678610550327,2.3913541853471036,0.9540035568584486,1
2.862173838410623,13.489999999999757,1007.0,0.04617808989740812,2.3915031768501573,0.9539590646169385,1
2.861789001032734,13.479999999999757,1008.0,0.04602846284920327,2.391651771025714,0.9571093167867792,1
2.86140460673397,13.479999999999757,1009.0,0.04603864328107615,2.3917999689671317,0.9570648017020678,1
2.861020654820662,13.479999999999757,1010.0,0.046048823338227345,2.3919477717659854,0.9570200615664153,1
2.8606371445861463,13.479999999999757,1011.0,0.046059003008371006,2.392095180504172,0.9569750972650177,1
2.860254075345562,13.479999999999757,1012.0,0.04606918227812488,2.392242196268866,0.9569299096988357,1
2.8598714463944686,13.479999999999757,1013.0,0.04607936113533571,2.3923888201347703,0.9568844997460888,1
2.8594892570483603,13.479999999999757,1014.0,0.04608953956684583,2.3925350531810854,0.9568388682990536,1
2.8591075066106426,13.479999999999757,1015.0,0.04609971756030801,2.3926808964777893,0.9567930162342708,1
2.8587261943926645,13.469999999999757,1016.0,0.045950257175435244,2.392826351094238,0.9599405964993679,1
2.8583453197050215,13.469999999999757,1017.0,0.045960386869142125,2.3929714180954615,0.9598947313866697,1
2.8579648818556573,13.469999999999757,1018.0,0.04597051609724093,2.3931160985413444,0.9598486479025523,1
2.85758488016349,13.469999999999757,1019.0,0.045980644847045754,2.393260393492496,0.9598023469206307,1
2.8572053139363534,13.469999999999757,1020.0,0.045990773106613564,2.3934043040007906,0.9597558292997872,1
2.8568261824976844,13.469999999999757,1021.0,0.0460009008632578,2.3935478311208676,0.9597090959090604,1
2.8564474851552433,13.469999999999757,1022.0,0.0460110281052723,2.3936909758966727,0.9596621475984934,1
2.8560692212358147,13.469999999999757,1023.0,0.046021154820027506,2.393833739376376,0.9596149852314655,1
2.8556913900460734,13.469999999999757,1024.0,0.04603128099612047,2.393976122595644,0.9595676096483237,1
2.8553139909210805,13.459999999999757,1025.0,0.04588194098971707,2.3941181265983653,0.9627127462915086,1
2.854937023176768,13.459999999999757,1026.0,0.04589201897124432,2.394259752416364,0.962665368410641,1
2.854560486124925,13.459999999999757,1027.0,0.04590209638839537,2.3944010010758356,0.9626177794779829,1
2.854184379105813,13.459999999999757,1028.0,0.045912173228433696,2.3945418736112605,0.9625699803482441,1
2.8538087014430933,13.459999999999757,1029.0,0.045922249479653655,2.39468237104619,0.9625219718564559,1
2.853433452452214,13.459999999999757,1030.0,0.045932325130918876,2.3948224943968177,0.9624737548257398,1
2.8530586314611366,13.459999999999757,1031.0,0.04594240017052542,2.3949622446808982,0.9624253300866317,1
2.8526842378096036,13.459999999999757,1032.0,0.04595247458623031,2.3951016229173647,0.962376698476336,1
2.8523102708212864,13.459999999999757,1033.0,0.04596254836680009,2.39524063011453,0.9623278608129471,1
2.85193672982882,13.449999999999758,1034.0,0.04581333054375177,2.3953792672807253,0.9654705772108865,1
2.8515636141679472,13.449999999999758,1035.0,0.04582335624601696,2.395517535421841,0.9654217475354805,1
2.8511909231628323,13.449999999999758,1036.0,0.04583338128935089,2.395655435535102,0.9653727138898451,1
2.8508186561564606,13.449999999999758,1037.0,0.045843405661952275,2.3957929686219788,0.9653234770936565,1
2.8504468124835878,13.449999999999758,1038.0,0.04585342935259594,2.3959301356767373,0.965274037954841,1
2.850075391480432,13.449999999999758,1039.0,0.04586345235007809,2.3960669376905286,0.9652243972785284,1
2.849704392484739,13.449999999999758,1040.0,0.04587347464324424,2.3962033756514476,0.9651745558671421,1
2.8493338148368372,13.449999999999758,1041.0,0.04588349622088746,2.3963394505450286,0.9651245145214273,1
2.84896365788461,13.439999999999758,1042.0,0.045734449636261006,2.396475163356299,0.9682646166051918,1
2.8485939209504783,13.439999999999758,1043.0,0.0457444232735321,2.3966105150558343,0.9682145918686664,1
2.8482246033950944,13.439999999999758,1044.0,0.045754396172461555,2.396745506626793,0.9681643692223747,1
2.847855704564129,13.439999999999758,1045.0,0.045764368322045584,2.39688013904231,0.9681139494561102,1
2.8474872237897033,13.439999999999758,1046.0,0.04577433971213933,2.3970144132661724,0.9680633333431126,1
2.847119160433155,13.439999999999758,1047.0,0.045784310331115324,2.397148330270939,0.9680125216796418,1
2.8467515138261414,13.439999999999758,1048.0,0.04579428016907192,2.3972818910129634,0.9679615152304524,1
2.8463842833337427,13.439999999999758,1049.0,0.045804249214406734,2.3974150964592034,0.9679103147872743,1
2.84601746829726,13.439999999999758,1050.0,0.045814217456911784,2.3975479475629564,0.9678589211158344,1
2.8456510680738667,13.429999999999758,1051.0,0.0456652965515001,2.3976804452806686,0.9709966418686191,1
2.8452850820110496,13.429999999999758,1052.0,0.04567521698741334,2.397812590561147,0.9709452742943061,1
2.8449195094675326,13.429999999999758,1053.0,0.04568513659924808,2.397944384354406,0.9708937154435506,1
2.844554349793844,13.429999999999758,1054.0,0.045695055376770294,2.3980758276034733,0.9708419660752454,1
2.8441896023482567,13.429999999999758,1055.0,0.04570497330944362,2.3982069212511306,0.9707900269515226,1
2.8438252664893224,13.429999999999758,1056.0,0.045714890386815046,2.398337666236776,0.9707378988308737,1
2.843461341570576,13.429999999999758,1057.0,0.04572480659880965,2.398468063494201,0.9706855824632667,1
2.8430978269662046,13.429999999999758,1058.0,0.04573472193434446,2.3985981139624406,0.9706330786138895,1
2.8427347220175063,13.429999999999758,1059.0,0.045744636384240006,2.398727818563174,0.9705803880136612,1
2.8423720260933196,13.419999999999758,1060.0,0.045595843059414574,2.3988571782262453,0.9737157461005197,1
2.8420097385648266,13.419999999999758,1061.0,0.045605709845620554,2.398986193879063,0.9736630906773405,1
2.8416478587900866,13.419999999999758,1062.0,0.04561557572629489,2.3991148664400512,0.9736102503876345,1
2.8412863861406064,13.419999999999758,1063.0,0.04562544069107443,2.399243196829903,0.973557225975336,1
2.840925319974229,13.419999999999758,1064.0,0.04563530473042905,2.3993711859601086,0.9735040181679326,1
2.8405646596582015,13.419999999999758,1065.0,0.04564516783444259,2.3994988347427717,0.9734506276978541,1
2.84020440457178,13.419999999999758,1066.0,0.045655029992636306,2.3996261440916493,0.9733970553048252,1
2.8398445540796353,13.419999999999758,1067.0,0.045664891195437,2.399753114910977,0.9733433017113418,1
2.8394851075562926,13.419999999999758,1068.0,0.04567475143283691,2.3998797481057967,0.973289367645269,1
2.8391260643670986,13.409999999999759,1069.0,0.04552608761744342,2.4000060445739173,0.9764223802469585,1
2.8387674238955087,13.409999999999759,1070.0,0.04553590034264877,2.4001320052174426,0.9763684900466194,1
2.8384091855106726,13.409999999999759,1071.0,0.04554571208464738,2.4002576309291324,0.9763144211798578,1
2.8380513485868706,13.409999999999759,1072.0,0.045555522833895946,2.4003829226005804,0.9762601743598336,1
2.8376939124988696,13.409999999999759,1073.0,0.04556533258092789,2.400507881120311,0.976205750296502,1
2.837336876633661,13.409999999999759,1074.0,0.04557514131571765,2.4006325073786408,0.976151149707366,1
2.8369802403680677,13.409999999999759,1075.0,0.04558494902889849,2.400756802258392,0.9760963732969552,1
2.836624003081263,13.409999999999759,1076.0,0.04559475571106903,2.4008807666400522,0.9760414217682656,1
2.8362681641612406,13.409999999999759,1077.0,0.04560456135244805,2.4010044014045935,0.975986295828833,1
2.8359127229740655,13.399999999999759,1078.0,0.045456029001349346,2.40112770742051,0.9791169786878806,1
2.8355576789204116,13.399999999999759,1079.0,0.045465787290104066,2.401250685567608,0.9790619049275102,1
2.83520303137757,13.399999999999759,1080.0,0.04547554452192397,2.4013733367126355,0.9790066584930948,1
2.8348487797378383,13.399999999999759,1081.0,0.045485300687228974,2.4014956617254297,0.9789512400820914,1
2.8344949233791934,13.399999999999759,1082.0,0.04549505577733673,2.4016176614666245,0.9788956503751973,1
2.834141461699764,13.399999999999759,1083.0,0.04550480978255466,2.401739336802096,0.9788398900680955,1
2.833788394084792,13.399999999999759,1084.0,0.0455145626939989,2.4018606885891622,0.9787839598410732,1
2.833435719925735,13.399999999999759,1085.0,0.04552431450255324,2.401981717684542,0.9787278603765726,1
2.833083438613396,13.399999999999759,1086.0,0.04553406519922687,2.4021024249415586,0.9786715923529423,1
2.8327315495418586,13.399999999999759,1087.0,0.04554381477495593,2.4022228112117183,0.9786151564479975,1
2.832380052105696,13.389999999999759,1088.0,0.04539536979966609,2.4023428773436253,0.9817437519843715,1
2.832028945702077,13.389999999999759,1089.0,0.04540507218278883,2.4024626241838263,0.9816873772313783,1
2.831678229723907,13.389999999999759,1090.0,0.04541477342991044,2.402582052573981,0.9816308362704733,1
2.8313279035687375,13.389999999999759,1091.0,0.04542447353219302,2.4027011633545814,0.981574129769132,1
2.830977966642255,13.389999999999759,1092.0,0.04543417248047465,2.40281995736641,0.9815172583988439,1
2.8306284183344976,13.389999999999759,1093.0,0.045443870266521746,2.4029384354406487,0.9814602228132827,1
2.830279258048368,13.389999999999759,1094.0,0.045453566881513106,2.4030565984107657,0.9814030236745066,1
2.8299304851886333,13.389999999999759,1095.0,0.04546326231661718,2.403174447107933,0.9813456616428564,1
2.8295820991588263,13.389999999999759,1096.0,0.04547295656316242,2.4032919823597805,0.9812881373741547,1
2.829234099362717,13.37999999999976,1097.0,0.04532464726770639,2.403409204990971,0.9844144326214415,1
2.8288864852050413,13.37999999999976,1098.0,0.04533429449635035,2.403526115823557,0.9843569770822678,1
2.828539256092493,13.37999999999976,1099.0,0.045343940522608,2.4036427156773574,0.9842993609199608,1
2.82819241143227,13.37999999999976,1100.0,0.045353585338031,2.40375900536942,0.9842415847805648,1
2.8278459506365565,13.37999999999976,1101.0,0.04536322893398935,2.403874985715833,0.9841836493113176,1
2.8274998731053356,13.37999999999976,1102.0,0.045372871302614436,2.4039906575246563,0.9841255551449513,1
2.827154178262852,13.37999999999976,1103.0,0.04538251243481778,2.4041060216110295,0.9840673029331086,1
2.8268088655051358,13.37999999999976,1104.0,0.04539215232313078,2.404221078775404,0.9840088932982263,1
2.82646393425923,13.37999999999976,1105.0,0.04540179095850324,2.404335829828151,0.9839503268878884,1
2.826119383933296,13.37999999999976,1106.0,0.04541142833300041,2.4044502755688613,0.9838916043290666,1
2.8257752139431522,13.36999999999976,1107.0,0.04526321115988006,2.404564416797344,0.9870158431195417,1
2.825431423706582,13.36999999999976,1108.0,0.04527280169315887,2.4046782543113117,0.9869571974667244,1
2.8250880126384645,13.36999999999976,1109.0,0.04528239095303025,2.4047917889043338,0.9868983972155769,1
2.824744980158815,13.36999999999976,1110.0,0.045291978931329455,2.404905021369227,0.9868394429912486,1
2.8244023256876742,13.36999999999976,1111.0,0.0453015656199685,2.405017952495877,0.9867803354156277,1
2.824060048644425,13.36999999999976,1112.0,0.045311151010989814,2.4051305830710428,0.9867210751068047,1
2.8237181484560465,13.36999999999976,1113.0,0.04532073509611652,2.405242913881731,0.9866616626865914,1
2.8233766245291383,13.36999999999976,1114.0,0.04533031786827594,2.405354945703638,0.9866020987549111,1
2.8230354763059324,13.36999999999976,1115.0,0.045339899318546976,2.4054666793243595,0.9865423839411491,1
2.822694703207332,13.36999999999976,1116.0,0.04534947943926494,2.4055781155197944,0.9864825188519399,1
2.822354304647506,13.35999999999976,1117.0,0.045201356922223955,2.4056892550602225,0.9896047153443583,1
2.822014280070721,13.35999999999976,1118.0,0.04521089038637225,2.4058000987255523,0.9895449349452712,1
2.8216746288875676,13.35999999999976,1119.0,0.045220422510338226,2.405910647278925,0.9894850057486224,1
2.821335350540318,13.35999999999976,1120.0,0.0452299532856831,2.4060209014937683,0.9894249283683334,1
2.8209964444578537,13.35999999999976,1121.0,0.04523948270478125,2.406130862135178,0.9893647034029409,1
2.8206579100651075,13.35999999999976,1122.0,0.04524901076031847,2.4062405299638225,0.9893043314442371,1
2.8203197468000716,13.35999999999976,1123.0,0.04525853744435634,2.4063499057429754,0.989243813092846,1
2.8199819540994384,13.35999999999976,1124.0,0.04526806274912165,2.406458990232591,0.9891831489450902,1
2.819644531382782,13.35999999999976,1125.0,0.045277586667850735,2.406567784182799,0.989122339578534,1
2.819307478099396,13.35999999999976,1126.0,0.04528710919226853,2.406676288353227,0.989061385594846,1
2.8189707936841844,13.34999999999976,1127.0,0.04513908388704789,2.4067845034948454,0.9921815523960034,1
2.8186344775740184,13.34999999999976,1128.0,0.04514855994663678,2.4068924303566557,0.9921206905178304,1
2.818298529199369,13.34999999999976,1129.0,0.04515803460240709,2.4070000696823226,0.9920596854427801,1
2.817962948012145,13.34999999999976,1130.0,0.04516750784631607,2.4071074222216096,0.9919985377630243,1
2.817627733442417,13.34999999999976,1131.0,0.045176979671588235,2.4072144887125755,0.9919372480477422,1
2.8172928849396017,13.34999999999976,1132.0,0.04518645007049513,2.407321269898552,0.9918758168807755,1
2.816958401944284,13.34999999999976,1133.0,0.045195919035866464,2.4074277665165202,0.9918142448348592,1
2.816624283900678,13.34999999999976,1134.0,0.04520538656042838,2.40753397930229,0.9917525324830552,1
2.816290530258779,13.34999999999976,1135.0,0.045214852636674276,2.4076399089913747,0.9916906804007171,1
2.81595714044987,13.34999999999976,1136.0,0.04522431725820627,2.407745556308905,0.9916286891430843,1
2.8156241139337155,13.33999999999976,1137.0,0.04507639174123728,2.4078509219890907,0.9947468373568549,1
2.8152914501574817,13.33999999999976,1138.0,0.045085810096686586,2.4079560067582997,0.9946849452608522,1
2.8149591485651912,13.33999999999976,1139.0,0.0450952269881049,2.408060811338969,0.9946229153692301,1
2.8146272086108772,13.33999999999976,1140.0,0.04510464240822071,2.4081653364550233,0.9945607482465468,1
2.814295629742718,13.33999999999976,1141.0,0.045114056350182175,2.408269582825352,0.9944984444490721,1
2.8139644114167397,13.33999999999976,1142.0,0.04512346880677768,2.4083735511694506,0.994436004537306,1
2.8136335530819587,13.33999999999976,1143.0,0.04513287977126669,2.4084772422013563,0.9943734290624553,1
2.813303054196228,13.33999999999976,1144.0,0.04514228923652195,2.4085806566361123,0.9943107185808595,1
2.812972914211087,13.33999999999976,1145.0,0.04515169719582569,2.4086837951835838,0.9942478736401945,1
2.812643132585705,13.33999999999976,1146.0,0.04516110364215258,2.408786658554209,0.9941848947922314,1
2.8123137087754104,13.32999999999976,1147.0,0.045013280506097764,2.408889247454261,0.9973010341218018,1
2.8119846422417845,13.32999999999976,1148.0,0.04502264089189329,2.408991562590015,0.9972381611433354,1
2.811655932440148,13.32999999999976,1149.0,0.04503199975699132,2.4090936046626377,0.9971751555743904,1
2.811327578833128,13.32999999999976,1150.0,0.04504135709452044,2.409195374373738,0.9971120179587649,1
2.8109995808829673,13.32999999999976,1151.0,0.0450507128977174,2.4092968724222397,0.9970487488370718,1
2.81067193804689,13.32999999999976,1152.0,0.0450600671601749,2.409398099502464,0.9969853487424942,1
2.810344649797397,13.32999999999976,1153.0,0.04506941987474237,2.409499056312486,0.9969218182193376,1
2.8100177155885966,13.32999999999976,1154.0,0.0450787710353505,2.409599743540347,0.9968581577923268,1
2.8096911348869185,13.32999999999976,1155.0,0.04508812063532519,2.409700161876599,0.9967943679945834,1
2.8093649071714286,13.32999999999976,1156.0,0.04509746866743146,2.4098003120144953,0.9967304493679827,1
2.809039031888515,13.31999999999976,1157.0,0.044949750519509245,2.4099001946314336,0.9998445881688403,1
2.808713508524039,13.31999999999976,1158.0,0.04495905270280181,2.409999810418458,0.9997807817899087,1
2.808388336542646,13.31999999999976,1159.0,0.04496835331181805,2.4100991600554913,0.9997168478419154,1
2.8080635154111584,13.31999999999976,1160.0,0.04497765234029832,2.410198244220866,0.9996527868448073,1
2.8077390446096633,13.31999999999976,1161.0,0.044986949781360495,2.4102970635958987,0.9995885993278788,1
2.807414923594158,13.31999999999976,1162.0,0.044996245629496986,2.410395618849604,0.9995242857957205,1
2.807091151852069,13.31999999999976,1163.0,0.04500553987758833,2.410493910661416,0.9994598467788365,1
2.8067677288557245,13.31999999999976,1164.0,0.04501483251940384,2.410591939702139,0.9993952827912183,1
2.8064446540732937,13.31999999999976,1165.0,0.0450241235490177,2.4106897066385016,0.9993305943403932,1
2.806121926988537,13.31999999999976,1166.0,0.04503341295975773,2.41078721214114,0.9992657819453392,1
2.8057995470750026,13.31999999999976,1167.0,0.045042700745556816,2.4108844568741623,0.9992008461130777,1
2.805477513812449,13.30999999999976,1168.0,0.04489504619654241,2.4109814415017716,1.0023132332436762,1
2.8051558266775642,13.30999999999976,1169.0,0.04490428835063149,2.41107816668456,1.0022484164416636,1
2.80483448515438,13.30999999999976,1170.0,0.044913528873863066,2.4111746330837067,1.0021834774173364,1
2.8045134887241994,13.30999999999976,1171.0,0.044922767760101005,2.4112708413569326,1.0021184166744055,1
2.8041928368619113,13.30999999999976,1172.0,0.044932005003627304,2.411366792156955,1.0020532347080635,1
2.803872529052036,13.30999999999976,1173.0,0.044941240598291084,2.41146248613808,1.0019879320196408,1
2.8035525647874917,13.30999999999976,1174.0,0.04495047453756569,2.41155792395565,1.001922509115437,1
2.8032329435447156,13.30999999999976,1175.0,0.0449597068158839,2.411653106255987,1.001856966484159,1
2.8029136648137323,13.30999999999976,1176.0,0.0449689374270281,2.411748033688594,1.0017913046242373,1
2.8025947280811727,13.30999999999976,1177.0,0.04497816636504776,2.411842706899263,1.001725524028399,1
2.8022761328324126,13.299999999999761,1178.0,0.0448306223207149,2.4119371265309697,1.004835924669498,1
2.8019578785575097,13.299999999999761,1179.0,0.04483980584994305,2.4120312932262715,1.004770268843505,1
2.8016399647473738,13.299999999999761,1180.0,0.04484898770120558,2.412125207625767,1.0047044954459432,1
2.8013223908921088,13.299999999999761,1181.0,0.04485816786869099,2.4122188703674365,1.004638604962679,1
2.801005156482735,13.299999999999761,1182.0,0.04486734634660215,2.4123122820873326,1.0045725978778262,1
2.8006882610131885,13.299999999999761,1183.0,0.04487652312906141,2.4124054434204245,1.0045064746755998,1
2.8003717039737714,13.299999999999761,1184.0,0.04488569821046949,2.4124983549979238,1.0044402358343487,1
2.8000554848632837,13.299999999999761,1185.0,0.044894871584840956,2.4125910174522347,1.0043738818376056,1
2.799739603175294,13.299999999999761,1186.0,0.0449040432465523,2.412683431411356,1.0043074131615886,1
2.799424058405943,13.299999999999761,1187.0,0.044913213189908326,2.412775597502101,1.0042408302823431,1
2.7991088500510046,13.299999999999761,1188.0,0.04492238140931466,2.4128675163488857,1.0041741336730547,1
2.798793977613331,13.289999999999761,1189.0,0.04477490704933753,2.4129591885767563,1.0072827963893234,1
2.798479440592397,13.289999999999761,1190.0,0.04478403008900072,2.4130506148071458,1.0072162306550831,1
2.798165238477236,13.289999999999761,1191.0,0.04479315140118359,2.4131417956550747,1.007149552299062,1
2.797851370779614,13.289999999999761,1192.0,0.044802270979740676,2.4132327317425046,1.0070827617992595,1
2.7975378370002844,13.289999999999761,1193.0,0.044811388819203546,2.4133234236847576,1.0070158596212293,1
2.7972246366417113,13.289999999999761,1194.0,0.044820504914075916,2.4134138720956555,1.0069488462296108,1
2.796911769205794,13.289999999999761,1195.0,0.04482961925895904,2.4135040775865804,1.0068817220860458,1
2.796599234199535,13.289999999999761,1196.0,0.044838731848273077,2.413594040768798,1.0068144876543526,1
2.7962870311251553,13.289999999999761,1197.0,0.0448478426767568,2.413683762249477,1.006747143391577,1
2.795975159494605,13.289999999999761,1198.0,0.04485695173868885,2.4137732426375162,1.0066796897611168,1
2.7956636188113886,13.289999999999761,1199.0,0.04486605902889539,2.4138624825362536,1.00661212721629,1
2.7953524085913126,13.279999999999761,1200.0,0.04471865755166382,2.413951482551832,1.009719057336377,1
2.79504152832645,13.279999999999761,1201.0,0.04472771989791093,2.4140402432786945,1.0096516314220556,1
2.79473097754959,13.279999999999761,1202.0,0.04473678046881373,2.4141287653255143,1.0095840976703285,1
2.794420755756386,13.279999999999761,1203.0,0.044745839259903185,2.4142170492838995,1.0095164565181025,1
2.7941108624602107,13.279999999999761,1204.0,0.044754896265843384,2.414305095750454,1.0094487084159158,1
2.7938012971766093,13.279999999999761,1205.0,0.044763951481252506,2.414392905320522,1.0093808538138742,1
2.7934920594225354,13.279999999999761,1206.0,0.04477300490073796,2.414480478587913,1.0093128931609918,1
2.7931831487121412,13.279999999999761,1207.0,0.04478205651913533,2.4145678161431996,1.0092448269013736,1
2.792874564565343,13.279999999999761,1208.0,0.04479110633104624,2.414654918577152,1.0091766554819592,1
2.792566306482619,13.279999999999761,1209.0,0.04480015433216819,2.414741786470682,1.0091083793297826,1
2.7922583739952986,13.279999999999761,1210.0,0.0448092005166338,2.4148284204149575,1.0090399988973968,1
2.791950766620783,13.269999999999762,1211.0,0.044661875129780385,2.4149148209934865,1.012145200344997,1
2.791643483876085,13.269999999999762,1212.0,0.0446708766104295,2.4150009887875594,1.0120769619974186,1
2.791336525282763,13.269999999999762,1213.0,0.044679876272449376,2.415086924378206,1.0120086203871972,1
2.7910298903607327,13.269999999999762,1214.0,0.04468887411087269,2.415172628343756,1.0119401759475892,1
2.7907235786309728,13.269999999999762,1215.0,0.044697870120733736,2.4152581012608985,1.011871629110486,1
2.790417589618958,13.269999999999762,1216.0,0.04470686429691095,2.4153433437060787,1.0118029803095367,1
2.7901119228492655,13.269999999999762,1217.0,0.04471585663439498,2.415428356253343,1.011734229975284,1
2.789806577843155,13.269999999999762,1218.0,0.04472484712841576,2.4155131394733727,1.011665378532979,1
2.789501554128201,13.269999999999762,1219.0,0.044733835773945366,2.415597693937357,1.0115964264113018,1
2.7891968512308947,13.269999999999762,1220.0,0.04474282256607015,2.4156820202140263,1.0115273740356727,1
2.788892468678338,13.269999999999762,1221.0,0.04475180749992768,2.4157661188703345,1.011458221829788,1
2.7885884059993757,13.269999999999762,1222.0,0.04476079057061163,2.415849990471938,1.0113889702166698,1
2.7882846627237137,13.259999999999762,1223.0,0.04461350189164433,2.4159336355828374,1.0144926922482755,1
2.787981238378813,13.259999999999762,1224.0,0.04462244050766155,2.416017054764117,1.0144235884160229,1
2.787678132496743,13.259999999999762,1225.0,0.04463137725935891,2.416100248576738,1.0143543861471278,1
2.787375344611597,13.259999999999762,1226.0,0.044640312141844815,2.416183217580483,1.0142850858606902,1
2.7870728742579955,13.259999999999762,1227.0,0.04464924515026796,2.4162659623333695,1.01421568797406,1
2.786770720957038,13.259999999999762,1228.0,0.044658176280554886,2.4163484833860402,1.0141461928901607,1
2.7864688842561947,13.259999999999762,1229.0,0.04466710552730779,2.416430781297716,1.01407660103351,1
2.786167363686639,13.259999999999762,1230.0,0.04467603288605387,2.416512856619131,1.0140069128116929,1
2.7858661587891542,13.259999999999762,1231.0,0.04468495835188105,2.416594709902935,1.0139371286387964,1
2.785565269084834,13.259999999999762,1232.0,0.0446938819209809,2.416676341691975,1.0138672489089455,1
2.785264694129439,13.259999999999762,1233.0,0.044702803587776056,2.4167577525409594,1.013797274045333,1
2.7849644334509587,13.249999999999762,1234.0,0.04455559771707152,2.416838942991619,1.0168992719799184,1
2.7846644865957697,13.249999999999762,1235.0,0.044564475179702544,2.416919913591065,1.0168294497266546,1
2.7843648531007728,13.249999999999762,1236.0,0.044573350739999566,2.4170006648807427,1.0167595332622366,1
2.7840655325065486,13.249999999999762,1237.0,0.044582224393464216,2.4170811974016315,1.0166895229878212,1
2.7837665243603924,13.249999999999762,1238.0,0.04459109613531054,2.4171615116954666,1.0166194193084555,1
2.7834678281955134,13.249999999999762,1239.0,0.04459996596155048,2.417241608296517,1.0165492226143902,1
2.7831694435653693,13.249999999999762,1240.0,0.0446088338672095,2.417321487745157,1.0164789333119275,1
2.7828713700098526,13.249999999999762,1241.0,0.04461769984807788,2.4174011505745345,1.0164085517930759,1
2.7825736070758618,13.249999999999762,1242.0,0.04462656389964675,2.4174805973186517,1.0163380784539824,1
2.782276154307271,13.249999999999762,1243.0,0.04463542601762608,2.4175598285084647,1.0162675136859853,1
2.781979011255992,13.249999999999762,1244.0,0.044644286197372,2.4176388446762402,1.0161968578855411,1
2.781682177468765,13.249999999999762,1245.0,0.04465314443457135,2.417717646350324,1.0161261114423428,1
2.7813856524882494,13.239999999999762,1246.0,0.04450598258360131,2.417796234055599,1.0192266331729718,1
2.781089435876715,13.239999999999762,1247.0,0.04451479687580513,2.417874608322842,1.0191560443961558,1
2.7807935271679467,13.239999999999762,1248.0,0.044523609226389885,2.4179527696697427,1.019085365852522,1
2.780497925932692,13.239999999999762,1249.0,0.04453241963003931,2.418030718626734,1.0190145979452896,1
2.7802026317069846,13.239999999999762,1250.0,0.04454122808333643,2.418108455708741,1.0189437410444706,1
2.7799076440504797,13.239999999999762,1251.0,0.04455003458166983,2.418185981438135,1.018872795539172,1
2.779612962515045,13.239999999999762,1252.0,0.04455883912092021,2.418263296332431,1.0188017618094924,1
2.779318586656053,13.239999999999762,1253.0,0.04456764169682824,2.4183404009087033,1.018730640236618,1
2.7790245160349625,13.239999999999762,1254.0,0.044576442304884174,2.418417295684613,1.0186594312051558,1
2.778730750197654,13.239999999999762,1255.0,0.04458524094145702,2.4184939811698762,1.0185881350836876,1
2.778437288709517,13.239999999999762,1256.0,0.04459403760194672,2.418570457880092,1.0185167522562728,1
2.7781441311273927,13.239999999999762,1257.0,0.04460283228228199,2.4186467263257163,1.0184452830972903,1
2.7778512770074455,13.229999999999762,1258.0,0.04445571826110235,2.4187227870151387,1.0215443284162395,1
2.777558725912579,13.229999999999762,1259.0,0.04446446926067583,2.4187986404576143,1.021473021662254,1
2.7772664773964246,13.229999999999762,1260.0,0.044473218281545414,2.418874287156994,1.0214016294145245,1
2.776974531032214,13.229999999999762,1261.0,0.04448196531900981,2.4189497276230507,1.0213301520543816,1
2.7766828863661464,13.229999999999762,1262.0,0.04449071036986307,2.419024962353167,1.0212585899369333,1
2.776391542979294,13.229999999999762,1263.0,0.04449945342911897,2.4190999918566853,1.0211869434465706,1
2.7761005004153154,13.229999999999762,1264.0,0.04450819449382891,2.4191748166264806,1.021115212932158,1
2.7758097582556682,13.229999999999762,1265.0,0.04451693355910731,2.4192494371685402,1.0210433987744747,1
2.775519316060222,13.229999999999762,1266.0,0.04452567062125997,2.419323853978625,1.0209715013329788,1
2.7752291733917356,13.229999999999762,1267.0,0.04453440567651746,2.419398067551894,1.020899520967754,1
2.774939329819359,13.229999999999762,1268.0,0.044543138720819185,2.419472078384282,1.020827458042655,1
2.7746497849117095,13.229999999999762,1269.0,0.04455186975019448,2.4195458869697943,1.020755312919114,1
2.7743605382384353,13.219999999999763,1270.0,0.044404807369571045,2.419619493801118,1.0238528802367348,1
2.7740715893654975,13.219999999999763,1271.0,0.044413494986800445,2.419692899367779,1.0237809019598714,1
2.7737829378667054,13.219999999999763,1272.0,0.044422180590860866,2.419766104160671,1.0237088422892997,1
2.773494583308043,13.219999999999763,1273.0,0.04443086417815962,2.4198391086659283,1.0236367015766659,1
2.773206525265968,13.219999999999763,1274.0,0.04443954574463028,2.4199119133720624,1.0235644801810428,1
2.772918763312947,13.219999999999763,1275.0,0.04444822528645771,2.419984518764358,1.0234921784560487,1
2.7726312970179174,13.219999999999763,1276.0,0.04445690280008151,2.420056925325014,1.0234197967502168,1
2.772344125957535,13.219999999999763,1277.0,0.04446557828158553,2.42012913353758,1.0233473354170983,1
2.7720572497078897,13.219999999999763,1278.0,0.044474251727147716,2.4202011438836943,1.0232747948078313,1
2.7717706678441454,13.219999999999763,1279.0,0.0444829231330485,2.4202729568429797,1.0232021752708513,1
2.7714843799407696,13.219999999999763,1280.0,0.04449159249567159,2.42034457289309,1.0231294771520567,1
2.7711983855785842,13.219999999999763,1281.0,0.04450025981110746,2.4204159925125306,1.0230567008011828,1
2.77091268433045,13.209999999999763,1282.0,0.04435325287949927,2.420487216175027,1.0261527872318112,1
2.7706272757786037,13.209999999999763,1283.0,0.044361877055490134,2.420558244356317,1.0260801818851877,1
2.770342159507743,13.209999999999763,1284.0,0.04437049918661171,2.42062907753147,1.0260074990749217,1
2.7700573350835964,13.209999999999763,1285.0,0.044379119269993404,2.420699716166473,1.0259347391300635,1
2.769772802103882,13.209999999999763,1286.0,0.04438773730114326,2.420770160738206,1.0258619024064437,1
2.7694885601347243,13.209999999999763,1287.0,0.04439635327727938,2.420840411709554,1.0257889892297793,1
2.769204608771115,13.209999999999763,1288.0,0.04440496719417224,2.420910469553079,1.025715999949786,1
2.7689209475921928,13.209999999999763,1289.0,0.044413579048467246,2.420980334733512,1.0256429349001532,1
2.768637576182194,13.209999999999763,1290.0,0.04442218883661184,2.4210500077159423,1.025569794417283,1
2.7683544941330696,13.209999999999763,1291.0,0.044430796554693584,2.421119488966892,1.0254965788426889,1
2.7680717010111118,13.209999999999763,1292.0,0.04443940220020989,2.421188778941268,1.025423288493121,1
2.7677891964197174,13.209999999999763,1293.0,0.044448005768762504,2.4212578781068173,1.025349923716665,1
2.7675069799421377,13.199999999999763,1294.0,0.044301058089222,2.421326786921873,1.028444525164491,1
2.767225051171322,13.199999999999763,1295.0,0.04430961879413582,2.421395505846925,1.028371335290408,1
2.766943409680444,13.199999999999763,1296.0,0.04431817742596533,2.4214640353332073,1.0282980717053714,1
2.766662055078891,13.199999999999763,1297.0,0.04432673398023492,2.42153237584445,1.0282247347559084,1
2.766380986943964,13.199999999999763,1298.0,0.04433528845420643,2.4216005278303325,1.0281513247581349,1
2.766100204863734,13.199999999999763,1299.0,0.044343840844619745,2.421668491743159,1.0280778420360037,1
2.765819708439743,13.199999999999763,1300.0,0.04435239114756948,2.4217362680388788,1.0280042869236938,1
2.7655394972614187,13.199999999999763,1301.0,0.04436093935984298,2.421803857167215,1.0279306597428497,1
2.76525957092871,13.199999999999763,1302.0,0.044369485477728184,2.421871259580395,1.0278569608227155,1
2.7649799290212456,13.199999999999763,1303.0,0.04437802949863354,2.4219384757212015,1.0277831904726455,1
2.764700571141865,13.199999999999763,1304.0,0.044386571418799745,2.422005506039896,1.027709349020965,1
2.7644214968782492,13.199999999999763,1305.0,0.044395111235320354,2.422072350979323,1.0276354367807354,1
2.7641427058453867,13.199999999999763,1306.0,0.044403648943909385,2.422139010991366,1.0275614540876283,1
2.763864197621293,13.189999999999763,1307.0,0.04425672383580362,2.422205486512048,1.0306548143050525,1
2.7635859718108993,13.189999999999763,1308.0,0.0442652189680112,2.4222717779863028,1.0305810105127127,1
2.7633080280138733,13.189999999999763,1309.0,0.044273711996598505,2.422337885855494,1.0305071369494048,1
2.7630303658327406,13.189999999999763,1310.0,0.044282202918158216,2.4224038105605943,1.030433193933076,1
2.7627529848548953,13.189999999999763,1311.0,0.044290691730130095,2.4224695525351887,1.0303591817664606,1
2.7624758846935444,13.189999999999763,1312.0,0.04429917842864096,2.4225351122213485,1.030285100773585,1
2.762199064945269,13.189999999999763,1313.0,0.044307663010758905,2.4226004900532216,1.0302109512619742,1
2.7619225252118116,13.189999999999763,1314.0,0.04431614547332919,2.4226656864654355,1.030136733542035,1
2.7616462651025,13.189999999999763,1315.0,0.044324625812839955,2.4227307018940727,1.0300624479292555,1
2.7613702842065164,13.189999999999763,1316.0,0.04433310402690325,2.4227955367659306,1.0299880947194802,1
2.7610945821416686,13.189999999999763,1317.0,0.044341580111672656,2.4228601915173877,1.0299136742323738,1
2.760819158504351,13.189999999999763,1318.0,0.0443500540644802,2.422924666575077,1.0298391867668577,1
2.760544012906048,13.189999999999763,1319.0,0.044358525881928984,2.422988962369986,1.0297646326336232,1
2.760269144950631,13.179999999999763,1320.0,0.044211627756276316,2.423053079328686,1.0328567451655157,1
2.7599945542498765,13.179999999999763,1321.0,0.04422005728713716,2.42311701787932,1.0327823736658648,1
2.7597202404053003,13.179999999999763,1322.0,0.0442284846872174,2.423180778444634,1.0327079361501132,1
2.7594462030313194,13.179999999999763,1323.0,0.04423690995318025,2.423244361450894,1.032633432925203,1
2.759172441724779,13.179999999999763,1324.0,0.04424533308264465,2.4233077673161203,1.0325588642807804,1
2.75889895611315,13.179999999999763,1325.0,0.04425375407168035,2.4233709964687034,1.0324842305321051,1
2.7586257457931924,13.179999999999763,1326.0,0.044262172918024305,2.4234340493237623,1.0324095319654911,1
2.758352810384174,13.179999999999763,1327.0,0.04427058961828015,2.4234969263036303,1.032334768885621,1
2.7580801494964864,13.179999999999763,1328.0,0.044279004169568266,2.4235596278257994,1.0322599415876692,1
2.7578077627441884,13.179999999999763,1329.0,0.04428741656885536,2.4236221543077474,1.0321850503684535,1
2.757535649740127,13.179999999999763,1330.0,0.044295826813249506,2.4236845061650505,1.0321100955220879,1
2.757263810095576,13.179999999999763,1331.0,0.04430423489996552,2.423746683811272,1.0320350773396876,1
2.7569922434339853,13.179999999999763,1332.0,0.04431264082564115,2.4238086876632234,1.0319599961215713,1
2.756720949359935,13.169999999999764,1333.0,0.04416577408388047,2.423870518129074,1.0350508532080136,1
2.7564499274979144,13.169999999999764,1334.0,0.04417413801700368,2.4239321756232064,1.0349759580705011,1
2.7561791774539453,13.169999999999764,1335.0,0.04418249979475269,2.423993660551524,1.0349010005062371,1
2.755908698863831,13.169999999999764,1336.0,0.04419085941332288,2.4240549733299868,1.034825980820427,1
2.7556384913287304,13.169999999999764,1337.0,0.044199216870769206,2.4241161143598116,1.0347508992858852,1
2.755368554482315,13.169999999999764,1338.0,0.04420757216350805,2.4241770840533547,1.0346757562027666,1
2.755098887930692,13.169999999999764,1339.0,0.04421592528942598,2.424237882810979,1.0346005518451493,1
2.7548294913040876,13.169999999999764,1340.0,0.044224276245223244,2.4242985110409117,1.0345252865069512,1
2.7545603642227676,13.169999999999764,1341.0,0.044232625028144734,2.4243589691462093,1.034449960471711,1
2.754291506310047,13.169999999999764,1342.0,0.04424097163534514,2.4244192575297103,1.034374574024103,1
2.754022917180012,13.169999999999764,1343.0,0.04424931606450117,2.424479376589343,1.0342991274390478,1
2.7537545964611443,13.169999999999764,1344.0,0.04425765831257954,2.4245393267271855,1.0342236210026963,1
2.753486543782547,13.169999999999764,1345.0,0.04426599837657882,2.4245991083442067,1.0341480550002216,1
2.7532187587560655,13.159999999999764,1346.0,0.04411916740779434,2.4246587218333993,1.0372376476616487,1
2.7529512410200727,13.159999999999764,1347.0,0.04412746577607342,2.424718167596559,1.0371622709335486,1
2.75268399019547,13.159999999999764,1348.0,0.044135761965983775,2.424777446027449,1.0370868352240266,1
2.7524170059131463,13.159999999999764,1349.0,0.04414405597460551,2.4248365575223083,1.0370113408139605,1
2.7521502877896613,13.159999999999764,1350.0,0.04415234779984444,2.4248955024705654,1.036935787970012,1
2.751883835462659,13.159999999999764,1351.0,0.044160637438532366,2.4249542812683624,1.036860176976006,1
2.751617648561,13.159999999999764,1352.0,0.04416892488801437,2.425012894307146,1.0367845081064633,1
2.751351726709602,13.159999999999764,1353.0,0.04417721014588865,2.425071341975547,1.0367087816309197,1
2.751086069545724,13.159999999999764,1354.0,0.04418549320915612,2.4251296246655656,1.0366329978283273,1
2.7508206766841985,13.159999999999764,1355.0,0.04419377407603532,2.425187742759347,1.036557156956285,1
2.7505555477743036,13.159999999999764,1356.0,0.04420205274298997,2.4252456966508475,1.0364812593014103,1
2.750290682438503,13.159999999999764,1357.0,0.04421032920794144,2.425303486722474,1.0364053051250575,1
2.7500260803155667,13.159999999999764,1358.0,0.04421860346799693,2.425361113361568,1.036329294701571,1
2.749761741030604,13.159999999999764,1359.0,0.044226875521023216,2.425418576948948,1.0362532282916948,1
2.749497664226212,13.149999999999764,1360.0,0.044080045509229254,2.425475877870792,1.0393417946373922,1
2.749233849532141,13.149999999999764,1361.0,0.04408827617425431,2.425533016507096,1.0392659207476165,1
2.748970296587503,13.149999999999764,1362.0,0.0440965046378552,2.4255899932401217,1.0391899914337506,1
2.748707005023886,13.149999999999764,1363.0,0.04410473089776066,2.4256468084479916,1.0391140069566753,1
2.7484439744800766,13.149999999999764,1364.0,0.04411295495135702,2.425703462510278,1.0390379675821761,1
2.748181204595847,13.149999999999764,1365.0,0.04412117679603793,2.425759955805637,1.0389618735754467,1
2.747918695010039,13.149999999999764,1366.0,0.04412939642928613,2.425816288711114,1.0388857251994263,1
2.74765644534947,13.149999999999764,1367.0,0.044137613849252494,2.4258724615978946,1.0388095227049507,1
2.7473944552676977,13.149999999999764,1368.0,0.044145829052751426,2.4259284748460717,1.038733266365087,1
2.7471327244009056,13.149999999999764,1369.0,0.04415404203753065,2.4259843288278535,1.0386569564360755,1
2.746871252386343,13.149999999999764,1370.0,0.04416225280134432,2.426040023914623,1.0385805931736953,1
2.746610038870286,13.149999999999764,1371.0,0.04417046134151413,2.426095560479909,1.0385041768402583,1
2.7463490834916917,13.149999999999764,1372.0,0.04417866765579215,2.4261509388932194,1.0384277076901878,1
2.746088385887806,13.149999999999764,1373.0,0.04418687174205457,2.4262061595221502,1.0383511859749572,1
2.745827945717241,13.139999999999764,1374.0,0.04404004769554641,2.4262612227411826,1.0414387139602208,1
2.745567762606872,13.139999999999764,1375.0,0.04404821070478649,2.426316128911493,1.0413623877375264,1
2.745307836205271,13.139999999999764,1376.0,0.04405637149236721,2.426370878401273,1.04128600947632,1
2.7450481661694686,13.139999999999764,1377.0,0.04406453005531814,2.426425471580662,1.0412095794401839,1
2.7447887521315066,13.139999999999764,1378.0,0.04407268639202988,2.4264799088091062,1.0411330978692304,1
2.744529593746167,13.139999999999764,1379.0,0.044080840499741786,2.426534190453454,1.0410565650222798,1
2.7442706906523666,13.139999999999764,1380.0,0.04408899237656518,2.426588316873307,1.0409799811427307,1
2.744012042504789,13.139999999999764,1381.0,0.04409714201983812,2.4266422884330225,1.0409033464865285,1
2.7437536489552734,13.139999999999764,1382.0,0.044105289427088086,2.4266961054946634,1.0408266613057222,1
2.743495509637037,13.139999999999764,1383.0,0.04411343459685437,2.4267497684120434,1.0407499258345385,1
2.7432376242165635,13.139999999999764,1384.0,0.044121577525995506,2.4268032775503317,1.0406731403351974,1
2.7429799923372835,13.139999999999764,1385.0,0.04412971821260881,2.4268566332647903,1.0405963050481994,1
2.742722613649659,13.139999999999764,1386.0,0.04413785665446245,2.4269098359121424,1.0405194202188939,1
2.74246548780754,13.139999999999764,1387.0,0.044145992849204924,2.426962885849181,1.0404424860942458,1
2.742208614464207,13.129999999999765,1388.0,0.04399917975746854,2.4270157834313064,1.0435289624143744,1
2.741951993259151,13.129999999999765,1389.0,0.04400727518937951,2.427068529007492,1.0434522264912263,1
2.7416956238636425,13.129999999999765,1390.0,0.044015368380810015,2.4271211229375607,1.0433754417725476,1
2.7414395059234717,13.129999999999765,1391.0,0.04402345932999882,2.427173565570501,1.0432986084930287,1
2.7411836390943005,13.129999999999765,1392.0,0.0440315480347144,2.4272258572578784,1.0432217268947543,1
2.740928023030044,13.129999999999765,1393.0,0.04403963449285552,2.4272779983493917,1.0431447972168986,1
2.740672657388408,13.129999999999765,1394.0,0.044047718702170106,2.4273299891950217,1.0430678197006689,1
2.7404175418252392,13.129999999999765,1395.0,0.04405580066054367,2.42738183014287,1.0429907945842938,1
2.740162675997014,13.129999999999765,1396.0,0.04406388036587344,2.427433521540104,1.0429137221052238,1
2.7399080595628047,13.129999999999765,1397.0,0.04407195781596136,2.4274850637337146,1.0428366025018831,1
2.739653692179623,13.129999999999765,1398.0,0.044080033008759005,2.427536457068761,1.0427594360095631,1
2.73939957350686,13.129999999999765,1399.0,0.044088105942134616,2.4275877018900323,1.0426822228643269,1
2.7391457032045308,13.129999999999765,1400.0,0.04409617661397144,2.427638798541408,1.0426049633014836,1
2.7388920809333555,13.129999999999765,1401.0,0.04410424502215584,2.427689747365887,1.0425276575556588,1
2.7386387063507547,13.119999999999765,1402.0,0.04395744785247876,2.4277405487040826,1.045613067746198,1
2.738385579120668,13.119999999999765,1403.0,0.043965475813495115,2.4277912028979127,1.0455359626852507,1
2.7381326989051913,13.119999999999765,1404.0,0.04397350151824819,2.4278417102874714,1.0454588119072092,1
2.737880065365806,13.119999999999765,1405.0,0.0439815249647556,2.4278920712114687,1.0453816156424087,1
2.737627678168286,13.119999999999765,1406.0,0.04398954615085815,2.4279422860091273,1.0453043741237078,1
2.737375536971994,13.119999999999765,1407.0,0.043997565074759,2.4279923550161127,1.0452270875770133,1
2.7371236414448057,13.119999999999765,1408.0,0.04400558173426245,2.428042278570164,1.0451497562344476,1
2.7368719912500166,13.119999999999765,1409.0,0.044013596127466616,2.428092057006184,1.045072380322829,1
2.7366205860551243,13.119999999999765,1410.0,0.044021608252268425,2.4281416906595403,1.0449949600714064,1
2.736369425523495,13.119999999999765,1411.0,0.044029618106840585,2.428191179862926,1.044917495704512,1
2.7361185093233327,13.119999999999765,1412.0,0.044037625689132685,2.4282405249497376,1.0448399874494705,1
2.735867837122356,13.119999999999765,1413.0,0.04404563099716645,2.428289726252093,1.0447624355319294,1
2.735617408589225,13.119999999999765,1414.0,0.0440536340289533,2.428338784101354,1.0446848401771005,1
2.7353672233903135,13.119999999999765,1415.0,0.04406163478266571,2.4283876988269117,1.0446072016069157,1
2.735117281197047,13.119999999999765,1416.0,0.044069633256249345,2.4284364707589807,1.044529520046532,1
2.734867581678561,13.109999999999765,1417.0,0.043922819101515395,2.4284851002257826,1.047614094503828,1
2.7346181245018717,13.109999999999765,1418.0,0.04393077745556716,2.4285335875536926,1.0475366160965691,1
2.73436890934422,13.109999999999765,1419.0,0.04393873353715836,2.4285819330718064,1.0474590951389553,1
2.7341199358665227,13.109999999999765,1420.0,0.04394668734493978,2.4286301371020347,1.0473815318421633,1
2.7338712037560104,13.109999999999765,1421.0,0.043954638876243866,2.4286781999750326,1.047303926439254,1
2.733622712669236,13.109999999999765,1422.0,0.043962588130034855,2.428726122008919,1.0472262791351035,1
2.733374462289706,13.109999999999765,1423.0,0.043970535103918566,2.428773903530828,1.0471485901570696,1
2.7331264522896848,13.109999999999765,1424.0,0.043978479796123834,2.4288215448625805,1.0470708597213678,1
2.7328786823445466,13.109999999999765,1425.0,0.04398642220474994,2.428869046326133,1.0469930880457707,1
2.7326311521226248,13.109999999999765,1426.0,0.04399436232831136,2.4289164082397092,1.046915275340608,1
2.732383861312479,13.109999999999765,1427.0,0.0440023001643001,2.428963630928057,1.046837421832812,1
2.7321368095692953,13.109999999999765,1428.0,0.04401023571200094,2.4290107147023843,1.0467595277187478,1
2.731889996591177,13.109999999999765,1429.0,0.04401816896848655,2.4290576598888567,1.0466815932312976,1
2.7316434220426475,13.109999999999765,1430.0,0.044026099932618204,2.429104466800076,1.0466036185726446,1
2.7313970856065404,13.109999999999765,1431.0,0.044034028602355335,2.4291511357544193,1.0465256039598632,1
2.7311509869597885,13.099999999999765,1432.0,0.04388720305414269,2.4291976670669992,1.0496093245609157,1
2.730905125780939,13.099999999999765,1433.0,0.04389509193409739,2.429244061052506,1.0495315153241962,1
2.730659501755325,13.099999999999765,1434.0,0.04390297852763908,2.4292903180270984,1.0494536665472463,1
2.7304141145483083,13.099999999999765,1435.0,0.043910862833783905,2.4293364382984888,1.0493757784272935,1
2.730168963856185,13.099999999999765,1436.0,0.04391874484998292,2.42938242218484,1.0492978511875022,1
2.7299240493578907,13.099999999999765,1437.0,0.04392662457462458,2.429428269996837,1.0492198850346424,1
2.729679370722065,13.099999999999765,1438.0,0.04393450200666338,2.4294739820403053,1.049141880165271,1
2.72943492764542,13.099999999999765,1439.0,0.043942377143647064,2.429519558630494,1.0490638367994176,1
2.729190719803619,13.099999999999765,1440.0,0.04395024998424742,2.4295650000737803,1.048985755137454,1
2.7289467468864417,13.099999999999765,1441.0,0.04395812052643945,2.4296103066807873,1.0489076353909912,1
2.7287030085692354,13.099999999999765,1442.0,0.043965988768992006,2.4296554787557647,1.048829477757823,1
2.7284595045441646,13.099999999999765,1443.0,0.04397385470983237,2.4297005166081775,1.048751282449324,1
2.7282162344919705,13.099999999999765,1444.0,0.04398171834751337,2.429745420542246,1.0486730496656997,1
2.7279731981060586,13.099999999999765,1445.0,0.04398957967998769,2.4297901908658783,1.0485947796171122,1
2.7277303950551786,13.099999999999765,1446.0,0.04399743870650276,2.4298348278768476,1.0485164724909628,1
2.727487825043973,13.089999999999765,1447.0,0.04385060732575151,2.4298793318852177,1.0515993199624705,1
2.727245487751979,13.089999999999765,1448.0,0.04385842689379126,2.42992370319076,1.0515212202080368,1
2.727003382867223,13.089999999999765,1449.0,0.043866244163903285,2.429967942095394,1.0514430837696898,1
2.7267615100866376,13.089999999999765,1450.0,0.04387405913403287,2.4300120489033232,1.051364910855188,1
2.7265198690802235,13.089999999999765,1451.0,0.043881871803560735,2.430056023907828,1.0512867016476113,1
2.7262784595548086,13.089999999999765,1452.0,0.04388968216999356,2.4300998674148073,1.0512084563611375,1
2.7260372811993556,13.089999999999765,1453.0,0.04389749023179416,2.430143579722563,1.051130175193177,1
2.725796333692701,13.089999999999765,1454.0,0.043905295987998055,2.430187161124686,1.051051858331164,1
2.7255556167319317,13.089999999999765,1455.0,0.043913099436725736,2.4302306119205364,1.050973505977396,1
2.725315130013241,13.089999999999765,1456.0,0.04392090057618627,2.4302739324081526,1.0508951183322588,1
2.7250748732292682,13.089999999999765,1457.0,0.04392869940479508,2.430317122883299,1.0508166955919278,1
2.724834846064002,13.089999999999765,1458.0,0.043936495921469386,2.4303601836375752,1.050738237943896,1
2.724595048217786,13.089999999999765,1459.0,0.0439442901243041,2.4304031149676435,1.0506597455888609,1
2.7243554793844353,13.089999999999765,1460.0,0.04395208201177437,2.430445917166807,1.0505812187207177,1
2.724116139255185,13.089999999999765,1461.0,0.04395987158251587,2.430488590526445,1.0505026575299947,1
2.723877027527124,13.079999999999766,1462.0,0.04381303989736584,2.4305311353391477,1.0535846115311955,1
2.7236381438947492,13.079999999999766,1463.0,0.04382079034304155,2.4305735518955744,1.053506259479674,1
2.72339948805778,13.079999999999766,1464.0,0.04382853848062911,2.430615840487368,1.0534278734702294,1
2.723161059702089,13.079999999999766,1465.0,0.04383628430920446,2.4306580014001415,1.0533494536845958,1
2.7229228585370757,13.079999999999766,1466.0,0.04384402782663958,2.430700034927187,1.0532710003239496,1
2.722684884258365,13.079999999999766,1467.0,0.043851769031568066,2.430741941355803,1.0531925135763742,1
2.7224471365530745,13.079999999999766,1468.0,0.043859507923096244,2.430783720969206,1.0531139936214289,1
2.7222096151319266,13.079999999999766,1469.0,0.04386724449914385,2.4308253740583794,1.0530354406582492,1
2.721972319691176,13.079999999999766,1470.0,0.04387497875841196,2.4308669009080175,1.0529568548722288,1
2.7217352499316387,13.079999999999766,1471.0,0.04388271069941029,2.430908301803579,1.0528782364516993,1
2.721498405550806,13.079999999999766,1472.0,0.043890440320842425,2.4309495770283593,1.0527995855810126,1
2.7212617862433754,13.079999999999766,1473.0,0.043898167621596464,2.4309907268637083,1.0527209024410262,1
2.7210253917216547,13.079999999999766,1474.0,0.043905892599686094,2.431031751596526,1.0526421872269334,1
2.7207892216836087,13.079999999999766,1475.0,0.04391361525390535,2.431072651507495,1.0525634401203148,1
2.7205532758321107,13.079999999999766,1476.0,0.04392133558281839,2.431113426878197,1.052484661306003,1
2.7203175538731945,13.079999999999766,1477.0,0.04392905358487097,2.431154077990476,1.0524058509705643,1
2.7200820554954435,13.069999999999766,1478.0,0.043782190623877386,2.431194605118811,1.0554871324134987,1
2.7198467804193776,13.069999999999766,1479.0,0.043789869846037575,2.4312350085485277,1.0554085329337073,1
2.7196117283407704,13.069999999999766,1480.0,0.04379754675091924,2.4312752885549456,1.05532990226272,1
2.71937689897051,13.069999999999766,1481.0,0.04380522133684703,2.431315445418036,1.0552512405873804,1
2.719142292013643,13.069999999999766,1482.0,0.043812893602486816,2.4313554794147,1.0551725480883782,1
2.7189079071646725,13.069999999999766,1483.0,0.043820563547078806,2.431395390817082,1.0550938249361788,1
2.7186737441461233,13.069999999999766,1484.0,0.04382823116846111,2.4314351799067087,1.0550150713246833,1
2.718439802654333,13.069999999999766,1485.0,0.04383589646584152,2.431474846954598,1.054936287423901,1
2.7182060823984675,13.069999999999766,1486.0,0.043843559437817564,2.431514392235587,1.0548574734140233,1
2.7179725830863495,13.069999999999766,1487.0,0.0438512200830745,2.4315538160231225,1.054778629473044,1
2.717739304430285,13.069999999999766,1488.0,0.043858878400108804,2.431593118591406,1.0546997557818538,1
2.717506246134398,13.069999999999766,1489.0,0.043866534387868764,2.4316323002107567,1.0546208525131895,1
2.7172734079161636,13.069999999999766,1490.0,0.04387418804465137,2.4316713611554883,1.054541919850419,1
2.7170407894745443,13.069999999999766,1491.0,0.043881839369729926,2.4317103016922785,1.0544629579597646,1
2.7168083905305287,13.069999999999766,1492.0,0.04388948836129661,2.4317491220949674,1.0543839670256485,1
2.7165762107922746,13.069999999999766,1493.0,0.0438971350182166,2.4317878226318252,1.0543049472202928,1
2.716344249966316,13.059999999999766,1494.0,0.04375024693094049,2.4318264035696684,1.057385531666347,1
2.716112507761009,13.059999999999766,1495.0,0.04375785515443528,2.4318648651751076,1.0573067242124934,1
2.7158809839039617,13.059999999999766,1496.0,0.043765461052487284,2.4319032077208953,1.0572278882057533,1
2.715649678094909,13.059999999999766,1497.0,0.0437730646245397,2.431941431468764,1.0571490238072643,1
2.7154185900530843,13.059999999999766,1498.0,0.043780665869054936,2.431979536686697,1.057070131194157,1
2.7151877194931857,13.059999999999766,1499.0,0.043788264784777695,2.4320175236401465,1.0569912105386128,1
