Mass,Radius,Pressure,Type
0.07119087272039906,29.53686881861356,1.8,0
0.07432881148644856,25.768466788689896,1.9000000000000001,0
0.07707694346972178,23.383911474002883,2.0,0
0.07949255408728156,21.732608837203003,2.1000000000000005,0
0.0816239926207471,20.522211502796722,2.2,0
0.08351152103126659,19.594535229686556,2.3000000000000007,0
0.08518864928939054,18.86326476251518,2.4000000000000004,0
0.08677252328187256,18.23336521086258,2.500000000000001,0
0.08840668623239897,17.6449235484329,2.6000000000000005,0
0.09009197920063775,17.09849355683844,2.700000000000001,0
0.09182503701362774,16.595430334782286,2.8000000000000007,0
0.09360206128077979,16.123972059159044,2.9000000000000012,0
0.095419455478274,15.69459795211913,3.000000000000001,0
0.0972738435850031,15.294660625358697,3.1000000000000014,0
0.09916214840254982,14.924758048820276,3.200000000000001,0
0.10108146459278064,14.584229459220749,3.3000000000000016,0
0.10302933139969671,14.269593673943456,3.4000000000000012,0
0.1050033751892158,13.978162278239425,3.5000000000000018,0
0.10700147986658985,13.708393511548834,3.6000000000000014,0
0.10902174818749452,13.456310444051823,3.700000000000002,0
0.11106241862223186,13.222102226925296,3.8000000000000016,0
0.11312181248204686,13.005924781272158,3.900000000000002,0
0.11519854315801023,12.803140322511748,4.000000000000002,0
0.11729118869083607,12.612823450820908,4.100000000000002,0
0.1193985570719802,12.436297693083475,4.200000000000002,0
0.12151945054779109,12.27310579670083,4.3000000000000025,0
0.12365286422558695,12.116172581783145,4.400000000000002,0
0.125797758085454,11.973909899506886,4.500000000000003,0
0.127953410236031,11.835567697026562,4.600000000000002,0
0.1301187647304598,11.711335209745528,4.700000000000003,0
0.13229315596819724,11.590786685370214,4.8000000000000025,0
0.13447589484859626,11.477907535466654,4.900000000000003,0
0.1366663040994818,11.369946516537237,5.0,0
0.15887415199525506,10.580761719522028,6.0,0
0.18137170561580296,10.110623039673182,7.0,0
0.20392091201505977,9.812763027731679,8.0,0
0.2263860421972568,9.623279295227785,9.0,0
0.24868540411472476,9.4956794165996,10.0,0
0.2707679249604564,9.409989828561569,11.0,0
0.29260140717744637,9.356102945432909,12.0,0
0.31416230547891655,9.324340768626708,13.0,0
0.33500295554907855,9.306335753547042,14.0,0
0.3549115397469506,9.295386367693725,15.0,0
0.3739992433172495,9.293035762838644,16.0,0
0.3923517827081383,9.295432885250914,17.0,0
0.4100385066767208,9.299308444823748,18.0,0
0.4271170185132857,9.30559016428251,19.0,0
0.4436361324047646,9.312589074285436,20.0,0
0.4596376805693032,9.323702398446116,21.0,0
0.47515819294847944,9.33189424412454,22.0,0
0.49022962562151273,9.344658687516159,23.0,0
0.5048802409291936,9.351263000867649,24.0,0
0.5191353285328318,9.362533544678,25.0,0
0.5330175216720441,9.370913670133364,26.0,0
0.546547275651131,9.381918463664716,27.0,0
0.559743115017334,9.390726671671185,28.0,0
0.5726218856514452,9.396735493508565,29.0,0
0.5851991470402869,9.405381871677337,30.0,0
0.5974889902965386,9.415944913650232,31.0,0
0.6095045449537716,9.422891333175464,32.0,0
0.6212579267742945,9.434193746171285,33.0,0
0.632760328643403,9.440459711945602,34.0,0
0.644022123356219,9.449036991272655,35.0,0
0.65490334298875,9.458571943058125,36.0,0
0.6648959241518928,9.463704300387894,37.0,0
0.6740375381999624,9.470545071228553,38.0,0
0.682412273241764,9.468498731685093,39.0,0
0.6900946370099355,9.471119919424577,40.0,0
0.6971505075784161,9.47588741305635,41.0,0
0.7036380694494214,9.475079951098495,42.0,0
0.7096089549272082,9.474479507525611,43.0,0
0.715108835456122,9.473259114589156,44.0,0
0.7201787928713385,9.47229335455004,45.0,0
0.7248551805294833,9.466392946260056,46.0,0
0.7291708803165948,9.461661609835733,47.0,0
0.7331549697146107,9.458821049601584,48.0,0
0.7368342108732829,9.450979083131493,49.0,0
0.7402574790714648,9.448513529197278,50.0,0
0.7435972630737007,9.445386378208942,51.0,0
0.7468986323000464,9.432770024389768,52.0,0
0.7501718172588029,9.43197197470319,53.0,0
0.7534224561500107,9.424922510360819,54.0,0
0.756654282873603,9.41958379460616,55.0,0
0.7598696359420504,9.413159543342699,56.0,0
0.7630701986014715,9.403304101783565,57.0,0
0.7662569095108062,9.393665708485667,58.0,0
0.7694306680575222,9.38961061100674,59.0,0
0.772591836017527,9.379067634818352,60.0,0
0.775740811026775,9.37645201693602,61.0,0
0.7788775094545739,9.368832390965638,62.0,0
0.782002096692595,9.363012772237965,63.0,0
0.7851146352909047,9.353655305072152,64.0,0
0.7882149222762516,9.341602552359515,65.0,0
0.7913029687718925,9.334520086556813,66.0,0
0.794378492653055,9.3304177340518,67.0,0
0.7974414039970992,9.32260316818795,68.0,0
0.8004915419711146,9.315977012695145,69.0,0
0.80352894068903,9.31271470870143,70.0,0
0.8065531680431002,9.307916828799701,71.0,0
0.8095640138187674,9.294454234538165,72.0,0
0.8125615518123084,9.290235459109418,73.0,0
0.8155455563752143,9.28181298674899,74.0,0
0.8185158893732123,9.27420745530443,75.0,0
0.8214723363914875,9.268452697553059,76.0,0
0.8244148506461902,9.261751853322414,77.0,0
0.8273432680688193,9.257960457118537,78.0,0
0.8302573968115464,9.250894642673764,79.0,0
0.8331574994785489,9.240742201068677,80.0,0
0.8360429390229377,9.235244242386894,81.0,0
0.8389140996914803,9.227863021387197,82.0,0
0.8417705855663191,9.225154692643658,83.0,0
0.8446124582408365,9.217313044371721,84.0,0
0.8474398840415012,9.208445315514753,85.0,0
0.8502522228988518,9.203856762266058,86.0,0
0.8530500031565482,9.19801105141073,87.0,0
0.8558329875867261,9.190638821326043,88.0,0
0.8586010998102189,9.186570420238006,89.0,0
0.8613545744061681,9.178738177610738,90.0,0
0.8640928062297442,9.170982865334153,91.0,0
0.8668164003391333,9.168262460830277,92.0,0
0.869524989983186,9.162557157204406,93.0,0
0.8722188085791692,9.155292883170508,94.0,0
0.874897744011453,9.149056584449532,95.0,0
0.8775618232940288,9.141234375266732,96.0,0
0.880210971869873,9.137637853814919,97.0,0
0.8828456766907021,9.132164462209158,98.0,0
0.8854652283111685,9.122306983786252,99.0,0
0.8880703158870464,9.121255417703557,100.0,0
0.8906604326746771,9.115587634422397,101.0,0
0.8932359396034472,9.110165700935237,102.0,0
0.8957968977087623,9.102684348083153,103.0,0
0.8983431954918817,9.099804483208443,104.0,0
0.9008749847191589,9.094713158642543,105.0,0
0.9033922921730357,9.089854225217309,106.0,0
0.9058952449612071,9.079417510500495,107.0,0
0.9083836934692754,9.074085847959822,108.0,0
0.9108582248394775,9.073876828359007,109.0,0
0.913317925636927,9.063883953637509,110.0,0
0.9157638397674551,9.062189961473717,111.0,0
0.9181955894793693,9.058931735521066,112.0,0
0.9206131717195533,9.050105340590239,113.0,0
0.9230168176351911,9.044045024527462,114.0,0
0.9254065844163464,9.039136055901322,115.0,0
0.9277825458026787,9.04056701898493,116.0,0
0.9301445930484716,9.03535228559612,117.0,0
0.9324928535600513,9.024753711823468,118.0,0
0.9348276571397808,9.02456856143428,119.0,0
0.93714915494735,9.016822706421165,120.0,0
0.9394567609008342,9.016995845588978,121.0,0
0.9417511653364685,9.00601005736878,122.0,0
0.9440322615459448,9.000048082540978,123.0,0
0.9463002362695908,9.003272678272047,124.0,0
0.9485548591226808,8.992888605445119,125.0,0
0.9507964833169092,8.989531602604288,126.0,0
0.9530252942351132,8.98317761253743,127.0,0
0.9552408083071542,8.980336574712792,128.0,0
0.9574437805190263,8.978426016353877,129.0,0
0.9596337120903977,8.973226181001317,130.0,0
0.9618112851668283,8.966550753451882,131.0,0
0.963976034196106,8.965890440896704,132.0,0
0.9661284738041963,8.955921392716506,133.0,0
0.9682683755034118,8.954127577044417,134.0,0
0.9703960981466375,8.948778033219645,135.0,0
0.9725113541765382,8.942207012139049,136.0,0
0.9746145218919056,8.938194390144005,137.0,0
0.9767055582980216,8.938197522534862,138.0,0
0.9787845630603828,8.933721666289058,139.0,0
0.9808517736994699,8.927040674523804,140.0,0
0.9829070364438047,8.926701187219408,141.0,0
0.9849504160192237,8.920031889477098,142.0,0
0.9869824013263507,8.918642144886062,143.0,0
0.9890024642027553,8.913066503340426,144.0,0
0.9910111745059337,8.910038966685175,145.0,0
0.9930085160719626,8.904293650084957,146.0,0
0.9949943114756306,8.895561975285762,147.0,0
0.9969688513681337,8.894352213149235,148.0,0
0.9989323542668975,8.89432851865619,149.0,0
1.0008843296301717,8.892625421384842,150.0,0
1.0028256430064577,8.888779553731402,151.0,0
1.00475615090042,8.878755615266197,152.0,0
1.006675205958213,8.877360748191508,153.0,0
1.0085837033705194,8.873057626039413,154.0,0
1.010481430257665,8.873695173035106,155.0,0
1.0123685845645825,8.86517104340067,156.0,0
1.0142451569375222,8.85991560805603,157.0,0
1.0161111777234357,8.859147783362554,158.0,0
1.0179667533792016,8.855920402152057,159.0,0
1.0198118988955154,8.853220179045326,160.0,0
1.0216467476362083,8.847232222726767,161.0,0
1.023471732566504,8.83995231883722,162.0,0
1.0252861222761467,8.841982050849934,163.0,0
1.027090666903438,8.832768859898092,164.0,0
1.028885132271178,8.829570499837203,165.0,0
1.0306699545116844,8.828317939467084,166.0,0
1.0324446223742612,8.823267660200338,167.0,0
1.0342095677486811,8.82068195982846,168.0,0
1.0359647497134101,8.82168259590486,169.0,0
1.0377103150781157,8.817423235693191,170.0,0
1.0394467194106147,8.81475917881729,171.0,0
1.041173148784489,8.809271422589466,172.0,0
1.0428904114208537,8.8075534982644,173.0,0
1.0445980754430677,8.80433367270264,174.0,0
1.0462964218442954,8.795729777112786,175.0,0
1.0479858688764931,8.795874849124157,176.0,0
1.0496660273739227,8.789373575512267,177.0,0
1.0513370202707017,8.791356860228149,178.0,0
1.0529988525872818,8.782997566157766,179.0,0
1.0546519326806643,8.779216679965959,180.0,0
1.0562960416808949,8.776377076748254,181.0,0
1.0579313951166833,8.775410455381431,182.0,0
1.0595580615320912,8.770668620894671,183.0,0
1.0611757454236697,8.768694524369034,184.0,0
1.062784724920103,8.763965779178552,185.0,0
1.0643855140397043,8.7623949651452,186.0,0
1.0659775195421455,8.7577808484156,187.0,0
1.0675612201987978,8.755608127068065,188.0,0
1.0691362953134123,8.75153418792509,189.0,0
1.0707034656956687,8.752698498652055,190.0,0
1.072261780932367,8.74481281546248,191.0,0
1.0738122818632656,8.741665253687472,192.0,0
1.0753543190566086,8.741452852688314,193.0,0
1.076888641089053,8.735976085910634,194.0,0
1.0784145630080304,8.73335933360586,195.0,0
1.079932518011755,8.72967464587805,196.0,0
1.081442961850349,8.726169639767244,197.0,0
1.0829451008525512,8.725919475263204,198.0,0
1.084439242893134,8.720857518936151,199.0,0
1.0859261065616572,8.717646084641878,200.0,0
1.0874050950542424,8.718193060894755,201.0,0
1.088876191343779,8.71146916733297,202.0,0
1.0903402803451492,8.711670302666896,203.0,0
1.0917963318317956,8.70726449068027,204.0,0
1.093245061525961,8.702129160749815,205.0,0
1.0946861984872323,8.699824316358223,206.0,0
1.096120033896074,8.697924184331464,207.0,0
1.0975466985222415,8.695000374137605,208.0,0
1.0989656144760502,8.691499401334323,209.0,0
1.100377779877362,8.687599005076182,210.0,0
1.101782655230054,8.684355387421162,211.0,0
1.1031800798128606,8.686889390444081,212.0,0
1.1045706906563195,8.682551749188118,213.0,0
1.1059543038778337,8.675865206031807,214.0,0
1.1073307782272535,8.674170519824079,215.0,0
1.1087002715978427,8.676536997257532,216.0,0
1.1100630988454443,8.670522571397543,217.0,0
1.1114189128305685,8.66669870742019,218.0,0
1.112767817065694,8.663826826821794,219.0,0
1.1141102497559146,8.662889598169196,220.0,0
1.115445978595822,8.657360941203878,221.0,0
1.1167747343773464,8.654639739166807,222.0,0
1.1180973510928176,8.65193311448287,223.0,0
1.1194129012192313,8.649238842193723,224.0,0
1.1207223520088725,8.649376060147784,225.0,0
1.1220249939766973,8.644518525816569,226.0,0
1.1233213004801497,8.642237184634356,227.0,0
1.124611276188742,8.640638107606737,228.0,0
1.125894958153111,8.638413730675627,229.0,0
1.1271722600465572,8.634798819838275,230.0,0
1.1284430169261743,8.633533681031235,231.0,0
1.1297079334293707,8.62956156635585,232.0,0
1.1309666237579417,8.626260030119798,233.0,0
1.1322191071844756,8.62458071947048,234.0,0
1.1334655613031548,8.621109646026131,235.0,0
1.1347059485693987,8.6216279764752,236.0,0
1.1359401078027924,8.615897892492454,237.0,0
1.1371683547993983,8.614509963241805,238.0,0
1.1383908682237405,8.612041444877413,239.0,0
1.1396073957922643,8.609214933003525,240.0,0
1.1408182226781143,8.605063902158781,241.0,0
1.142023060589979,8.60282053022391,242.0,0
1.143222077845469,8.60038825129062,243.0,0
1.144415609812193,8.599598619801446,244.0,0
1.145603133254259,8.597296962675442,245.0,0
1.1467848777699443,8.592551895416902,246.0,0
1.1479614226018786,8.591669733516756,247.0,0
1.1491318826523975,8.588715807152445,248.0,0
1.150297210803107,8.586065290398045,249.0,0
1.1514568948614599,8.585253775896737,250.0,0
1.152611215009839,8.585065981924485,251.0,0
1.153759807188075,8.580884910303645,252.0,0
1.1549031367813787,8.578139757794958,253.0,0
1.1560410793976796,8.573013186111323,254.0,0
1.1571738464447865,8.573036351581727,255.0,0
1.1583011075020606,8.57009640607158,256.0,0
1.159422933846742,8.569981344864956,257.0,0
1.160539671692489,8.563806075343702,258.0,0
1.1616514439396077,8.561026387074136,259.0,0
1.1627577396313151,8.559270606274351,260.0,0
1.1638590859785747,8.5564647855751,261.0,0
1.1649552182454634,8.554088334177631,262.0,0
1.1660463788269337,8.552740787616324,263.0,0
1.1671324622965171,8.548252444583063,264.0,0
1.1682134412890257,8.548091845248997,265.0,0
1.1692895540314596,8.547874247101804,266.0,0
1.170360786054273,8.545545703868221,267.0,0
1.1714268539954378,8.541357397454538,268.0,0
1.1724880086450165,8.53799406665255,269.0,0
1.1735446503779101,8.537263345743664,270.0,0
1.1745962913548966,8.535153758603977,271.0,0
1.1756429318391592,8.531886981212008,272.0,0
1.1766851621894834,8.529318301660775,273.0,0
1.1777224027103985,8.52792753120746,274.0,0
1.1787551516812709,8.527947908585217,275.0,0
1.1797831775085754,8.522008334056672,276.0,0
1.1808064557182025,8.522859205734319,277.0,0
1.1818250718591956,8.518302110450351,278.0,0
1.1828393884315038,8.516975242629737,279.0,0
1.1838488889123178,8.5145797332752,280.0,0
1.1848537966930153,8.51186840941224,281.0,0
1.1858543320478179,8.509588843881563,282.0,0
1.186850543952607,8.507565979979251,283.0,0
1.187842086106407,8.505600808681669,284.0,0
1.1888295567882907,8.50238863145343,285.0,0
1.189812132706053,8.500235962137348,286.0,0
1.1907906016543717,8.498788356928669,287.0,0
1.1917645030545394,8.49661039014478,288.0,0
1.192734305265254,8.493887737167272,289.0,0
1.1936996717546582,8.492566564908344,290.0,0
1.1946609389859033,8.492537300705182,291.0,0
1.1956180648179693,8.487055967844604,292.0,0
1.1965706427670755,8.486614566185626,293.0,0
1.197519419346893,8.484386719228485,294.0,0
1.1984638483570635,8.483292614193205,295.0,0
1.19940406623859,8.481923372822155,296.0,0
1.200340052174206,8.476310022680673,297.0,0
1.201272091990899,8.474819491735266,298.0,0
1.2022002954432507,8.472314127159983,299.0,0
1.203124268073475,8.470256581095992,300.0,0
1.2040443424991827,8.471880436316857,301.0,0
1.2049602707631155,8.465836890289644,302.0,0
1.2058722830074078,8.464428487915274,303.0,0
1.206780314537565,8.465631586709945,304.0,0
1.207684590205618,8.459217844389038,305.0,0
1.2085847744116422,8.458402861423968,306.0,0
1.209481131997866,8.459472391018407,307.0,0
1.2103737387576374,8.454652568543652,308.0,0
1.2112624117123554,8.451103462962376,309.0,0
1.2121474588258694,8.450524827844918,310.0,0
1.2130283745145798,8.448801343712917,311.0,0
1.2139057792077126,8.44662449748052,312.0,0
1.214779359981605,8.44450412875867,313.0,0
1.2156492662391876,8.442916725027208,314.0,0
1.21651544362889,8.440646366669862,315.0,0
1.217378052538999,8.440339718410033,316.0,0
1.2182369501459758,8.438196618817972,317.0,0
1.21909195519519,8.434474855208402,318.0,0
1.2199436711153964,8.433289325659802,319.0,0
1.2207915309914168,8.430561281181761,320.0,0
1.2216361818266765,8.428632113792661,321.0,0
1.2224769861688596,8.426985421088817,322.0,0
1.2233144611029902,8.424776509938704,323.0,0
1.224148279231176,8.420897363000009,324.0,0
1.2249785266392275,8.419545874482502,325.0,0
1.2258053598535916,8.419009172855448,326.0,0
1.226629034420913,8.415546961234279,327.0,0
1.2274489738784546,8.413233098261395,328.0,0
1.2282654150785635,8.412244194767352,329.0,0
1.2290789224055398,8.410540548968164,330.0,0
1.229888616574882,8.408629473629395,331.0,0
1.2306952458093834,8.406680729147274,332.0,0
1.2314983187637394,8.405198374067233,333.0,0
1.2322982320587323,8.401505941644663,334.0,0
1.2330947342239944,8.400861050889894,335.0,0
1.2338879541678787,8.399341719052568,336.0,0
1.234677928850442,8.399145019530811,337.0,0
1.2354647216902432,8.395408112115573,338.0,0
1.2362481726467096,8.392103935729939,339.0,0
1.2370285416089706,8.391499786906328,340.0,0
1.2378056518722416,8.390553531026363,341.0,0
1.2385796724336913,8.387691467530912,342.0,0
1.239350326654532,8.385152602096591,343.0,0
1.2401180977235822,8.384258187762684,344.0,0
1.2408828138807328,8.382004731659439,345.0,0
1.2416440526216799,8.380531337894087,346.0,0
1.2424025073294345,8.378396924082477,347.0,0
1.2431576871776688,8.378442923278197,348.0,0
1.2439099711076218,8.374789467782138,349.0,0
1.2446591586578852,8.37285695684536,350.0,0
1.2454052958470219,8.370905751590639,351.0,0
1.2461486039040879,8.369342659358512,352.0,0
1.246888677586085,8.362078388699873,353.0,0
1.2476256299271284,8.3646380933772,354.0,0
1.2483600994025124,8.363239899244903,355.0,0
1.249091320949299,8.362073008494907,356.0,0
1.2498198047297167,8.360486200275405,357.0,0
1.25054543594094,8.357447195095615,358.0,0
1.2512678518727496,8.355789853711892,359.0,0
1.2519877298233253,8.35440903587376,360.0,0
1.2527045798771643,8.353031921709276,361.0,0
1.2534183934988494,8.351438035977484,362.0,0
1.2541297261267643,8.34937293369205,363.0,0
1.2548380519317452,8.346989874044011,364.0,0
1.25554369411125,8.345798712275315,365.0,0
1.256246447236007,8.344668530332514,366.0,0
1.2569463759585662,8.341571458216476,367.0,0
1.2576436636831354,8.335924658508421,368.0,0
1.2583381909415778,8.337911447311415,369.0,0
1.2590298997799692,8.336187999848995,370.0,0
1.259719051142566,8.334463310653168,371.0,0
1.260405475929061,8.334495861564934,372.0,0
1.2610891074103985,8.331418507119666,373.0,0
1.2617699913298885,8.331090619903481,374.0,0
1.2624485256610234,8.327038323586853,375.0,0
1.263124190369965,8.326200484254128,376.0,0
1.2637973820152284,8.323561438619686,377.0,0
1.264467743970401,8.322293801040589,378.0,0
1.2651355972067309,8.32076153907327,379.0,0
1.2658009345710488,8.31844073374768,380.0,0
1.2664634795364944,8.316978079169997,381.0,0
1.2671237930192025,8.315275431768002,382.0,0
1.267781381045228,8.314092582691076,383.0,0
1.2684365287571326,8.313617446719721,384.0,0
1.269088807009689,8.310147497011226,385.0,0
1.2697389371277208,8.308444491910006,386.0,0
1.270386545965283,8.306804109057017,387.0,0
1.2710315076473238,8.305743275941182,388.0,0
1.2716742682087916,8.30348286858038,389.0,0
1.272314307426077,8.302341562404003,390.0,0
1.2729519961177658,8.300253234765327,391.0,0
1.2735873144954784,8.298553149514603,392.0,0
1.2742200674555844,8.297318086144903,393.0,0
1.274850574084458,8.295492373331973,394.0,0
1.2754784256123268,8.293362124957119,395.0,0
1.2761041084212328,8.291345533057985,396.0,0
1.2767274188722573,8.292249964804997,397.0,0
1.277348284787736,8.289229374725878,398.0,0
1.2779668106577344,8.286747878051715,399.0,0
1.278583224759857,8.281253015593972,400.0,0
1.2791970627295621,8.27971293739397,401.0,0
1.2798083661878978,8.281702244143515,402.0,0
1.2804177907733316,8.279691304081375,403.0,0
1.2810248322397177,8.278457598528787,404.0,0
1.2816294953144123,8.276742296217376,405.0,0
1.2822319263942221,8.277052583592479,406.0,0
1.2828320781578872,8.27419326571561,407.0,0
1.2834300802774556,8.271924489739364,408.0,0
1.284025697891649,8.271354522728048,409.0,0
1.284619100689695,8.264867144797963,410.0,0
1.2852104071877273,8.267028890024616,411.0,0
1.2857995956132175,8.265623777392957,412.0,0
1.2863863630401577,8.264372109410074,413.0,0
1.2869710903720377,8.262940403016344,414.0,0
1.2875534954538337,8.262092908522554,415.0,0
1.2881339299319758,8.258934455089447,416.0,0
1.2887121521785694,8.257866236523531,417.0,0
1.289288446672569,8.255749110987765,418.0,0
1.2898621403922017,8.254193278159065,419.0,0
1.2904340774382657,8.25442587359584,420.0,0
1.2910038700130302,8.251400099889699,421.0,0
1.2915714482403875,8.249418403899694,422.0,0
1.2921368739708257,8.24860912621124,423.0,0
1.292700407697389,8.24804584063561,424.0,0
1.2932618095424953,8.244693064201842,425.0,0
1.293821198247126,8.244134607397552,426.0,0
1.2943784043013087,8.24340406886552,427.0,0
1.2949337558881087,8.241003598695979,428.0,0
1.2954870760298445,8.23969160823747,429.0,0
1.2960382668837764,8.236827253318806,430.0,0
1.2965874027581052,8.235382791803834,431.0,0
1.2971346125140033,8.233794259921725,432.0,0
1.2976798173537265,8.23395867773039,433.0,0
1.2982230560588797,8.230656581653616,434.0,0
1.2987644485546594,8.230165447378717,435.0,0
1.2993036959612898,8.227595451222365,436.0,0
1.2998409328172327,8.227820653242327,437.0,0
1.3003765941753607,8.224524942713629,438.0,0
1.3009101339544682,8.223539166924263,439.0,0
1.3014415156957178,8.221433110802643,440.0,0
1.3019711740564242,8.221671010124226,441.0,0
1.302498864562104,8.220164748807859,442.0,0
1.3030248290224038,8.217338516088615,443.0,0
1.3035488061896918,8.215651201201077,444.0,0
1.3040708782172603,8.210750413026716,445.0,0
1.304591019457316,8.21235221043578,446.0,0
1.3051094589510253,8.212554254325102,447.0,0
1.3056259336830367,8.21017243903227,448.0,0
1.306140693062853,8.207472376169315,449.0,0
1.3066533539878344,8.206855431772894,450.0,0
1.3071644219482588,8.205412626825352,451.0,0
1.307673516472177,8.203271832907376,452.0,0
1.3081808530527537,8.203491669503642,453.0,0
1.3086864644627008,8.200245069009355,454.0,0
1.3091901200030847,8.198886134544408,455.0,0
1.309692342422231,8.197955284610991,456.0,0
1.310192515006404,8.196591090166704,457.0,0
1.310690861186412,8.194974582952272,458.0,0
1.3111877013357998,8.192892223018571,459.0,0
1.3116826091630307,8.193089179112459,460.0,0
1.3121758006195232,8.19071705312284,461.0,0
1.3126670798902216,8.189900893686435,462.0,0
1.3131569692922274,8.187305961612937,463.0,0
1.3136449843542286,8.185148348874034,464.0,0
1.3141309876181833,8.184211042489542,465.0,0
1.314615799257486,8.182602543034461,466.0,0
1.3150987489738226,8.18289647157136,467.0,0
1.315579989826452,8.181414167827333,468.0,0
1.3160593433880161,8.178476461765891,469.0,0
1.316537236112846,8.176813934272376,470.0,0
1.3170134710337633,8.175349593635039,471.0,0
1.3174879589793502,8.173837734241916,472.0,0
1.3179608231487558,8.17324741726025,473.0,0
1.3184320666540694,8.171285546070019,474.0,0
1.3189015484271884,8.170545299440699,475.0,0
1.3193695778291232,8.168490272578403,476.0,0
1.319835787080157,8.167464222452429,477.0,0
1.3203005927089908,8.167022533654379,478.0,0
1.3207637440833375,8.163874233910201,479.0,0
1.3212252979682202,8.162585276884627,480.0,0
1.321685270343141,8.16184863409431,481.0,0
1.3221434784566835,8.159760114590071,482.0,0
1.322600267585946,8.15816289731288,483.0,0
1.323055416090497,8.157434614825268,484.0,0
1.3235089942259952,8.15541295523558,485.0,0
1.323961217773553,8.153934458113442,486.0,0
1.3244116750612962,8.152493357031204,487.0,0
1.324860568378138,8.151140802334627,488.0,0
1.3253079679920907,8.150327871855149,489.0,0
1.3257538340223918,8.148614484620282,490.0,0
1.3261981800049176,8.148633570578038,491.0,0
1.3266411585310054,8.146151281533136,492.0,0
1.3270824105585133,8.144176664266086,493.0,0
1.3275222605832462,8.142370944422751,494.0,0
1.327960623170379,8.141351452627617,495.0,0
1.3283973583861421,8.140247032453304,496.0,0
1.3288327702225324,8.138214612449891,497.0,0
1.3292666733181528,8.138163228494804,498.0,0
1.3296991212856086,8.136445604546127,499.0,0
1.3301300802415004,8.135751589330255,500.0,0
1.3305594022144487,8.13264600804972,501.0,0
1.330987575295459,8.132474346698771,502.0,0
1.3314140606931937,8.13100747931552,503.0,0
1.331839156640537,8.130652166524477,504.0,0
1.3322629941723982,8.127805471045042,505.0,0
1.332685199469413,8.126252572982697,506.0,0
1.3331060893844942,8.126172549714962,507.0,0
1.3335254418858404,8.124273662960443,508.0,0
1.3339435937364024,8.12333263905254,509.0,0
1.3343601932732263,8.1171215594067,510.0,0
1.3347754874869944,8.119776328904651,511.0,0
1.3351892283955031,8.118132657507516,512.0,0
1.3356017446253725,8.11731890996097,513.0,0
1.3360127293050008,8.116003931066093,514.0,0
1.336422535435164,8.114703903254282,515.0,0
1.336830733475062,8.109300863595559,516.0,0
1.337237837036583,8.111977249050994,517.0,0
1.3376434366793093,8.109977020525351,518.0,0
1.3380476278041493,8.105252518519185,519.0,0
1.3384505823101944,8.107979434921065,520.0,0
1.3388520671606212,8.105692534672274,521.0,0
1.3392523809445,8.104756889791814,522.0,0
1.3396511783373584,8.104678341067057,523.0,0
1.3400488809497177,8.102110940552981,524.0,0
1.3404451292033595,8.102444111888188,525.0,0
1.3408400879111022,8.09988615112633,526.0,0
1.3412335659932748,8.098053396097448,527.0,0
1.341626117739344,8.09692438458985,528.0,0
1.3420171318202831,8.095608193180814,529.0,0
1.3424069302634836,8.094876975928866,530.0,0
1.3427953403125072,8.093012947012884,531.0,0
1.3431826349712486,8.092345972687529,532.0,0
1.3435685299239115,8.090095502337537,533.0,0
1.3439532424458,8.089690574737263,534.0,0
1.344336613305457,8.088699008593602,535.0,0
1.3447188484946402,8.08704245447494,536.0,0
1.3450996155597363,8.085695016730464,537.0,0
1.3454791883240715,8.08438419124173,538.0,0
1.3458576741069577,8.082471454766468,539.0,0
1.346234766568764,8.077521308583389,540.0,0
1.3466107762373818,8.081408952700212,541.0,0
1.3469853668502696,8.078540764691622,542.0,0
1.3473588859480883,8.077319415619835,543.0,0
1.3477309790742689,8.077197001767246,544.0,0
1.3481021762427312,8.074899017324825,545.0,0
1.348472068710525,8.074037632301888,546.0,0
1.3488407025860736,8.072819265602522,547.0,0
1.3492081629485362,8.067557301509659,548.0,0
1.3495744242220293,8.069598368985718,549.0,0
1.3499395366788578,8.069799204482715,550.0,0
1.3503032263886392,8.068729856318695,551.0,0
1.3506659994798573,8.065839093189181,552.0,0
1.3510275079515084,8.065218330411774,553.0,0
1.3513877614714218,8.063197947048046,554.0,0
1.351747065919861,8.058705809480674,555.0,0
1.3521051763313348,8.062328515295466,556.0,0
1.3524619617922373,8.06101648826815,557.0,0
1.3528177755585995,8.057989893363557,558.0,0
1.3531722390738055,8.056902264881595,559.0,0
1.3535257577520712,8.057377559016283,560.0,0
1.3538780022461383,8.055954990632744,561.0,0
1.3542291388274494,8.053698476214626,562.0,0
1.3545791996095478,8.05189963719317,563.0,0
1.3549281977742353,8.052100172067306,564.0,0
1.3552759132386532,8.049481253737737,565.0,0
1.3556225775623518,8.049014333011712,566.0,0
1.3559682340047008,8.0474411774711,567.0,0
1.356312737528522,8.047354812757632,568.0,0
1.35665608746709,8.045337790402423,569.0,0
1.3569984157373745,8.044845198044246,570.0,0
1.3573396403071,8.043492844423644,571.0,0
1.357679722080929,8.040878183208944,572.0,0
1.3580188218276537,8.04038258260734,573.0,0
1.3583566641123843,8.038335524951414,574.0,0
1.3586935484712954,8.038714452493696,575.0,0
1.359029198571059,8.035896009156266,576.0,0
1.359364048187742,8.036284502911286,577.0,0
1.3596976162510794,8.033490435030656,578.0,0
1.3600301982329963,8.032589783533497,579.0,0
1.3603618296807771,8.032529452768298,580.0,0
1.3606924739771422,8.029803784564214,581.0,0
1.3610219228147582,8.028198517915092,582.0,0
1.361350232991952,8.02767743585627,583.0,0
1.3616776766212928,8.025784351626228,584.0,0
1.3620040616846891,8.02257611543461,585.0,0
1.3623292546853352,8.023783490850493,586.0,0
1.3626536001026401,8.022492168264257,587.0,0
1.362976909929569,8.02135228015986,588.0,0
1.3632990644766192,8.021258572381559,589.0,0
1.363620393522104,8.020500431169042,590.0,0
1.3639406214523304,8.018118751073212,591.0,0
1.3642598145963634,8.01712406794072,592.0,0
1.3645780263860432,8.015360531585397,593.0,0
1.3648952854143976,8.01471427384734,594.0,0
1.3652114899776688,8.01443694044706,595.0,0
1.3655268476347784,8.011810616978133,596.0,0
1.3658410658006042,8.011140440571483,597.0,0
1.36615433766537,8.010096208237654,598.0,0
1.3664666186398566,8.008761872593633,599.0,0
1.3667779007020293,8.007645138396853,600.0,0
1.3670882746924726,8.006497396101281,601.0,0
1.367397694905392,8.005216311398708,602.0,0
1.367706131975939,8.003489785009613,603.0,0
1.3680136902396218,8.002377513720644,604.0,0
1.3683201172185864,8.00115181014153,605.0,0
1.3686256061122217,7.999923350656077,606.0,0
1.3689301164065955,7.998749278760996,607.0,0
1.3692338172462328,7.997947851783748,608.0,0
1.3695364856801147,7.997258571513532,609.0,0
1.3698383119157838,7.995964081367599,610.0,0
1.3701392506630852,7.994117948721539,611.0,0
1.3704392199921525,7.994450405798894,612.0,0
1.3707381828024485,7.99333026840057,613.0,0
1.3710362069124853,7.991300949676141,614.0,0
1.3713334009955942,7.989514038779619,615.0,0
1.371629534840209,7.988796209229502,616.0,0
1.3719249109727638,7.987472896037561,617.0,0
1.372219359053543,7.986481802881908,618.0,0
1.3725127520822438,7.985366985496785,619.0,0
1.372805185733061,7.984294033023476,620.0,0
1.3730970096194313,7.984036545042569,621.0,0
1.3733878024890227,7.982216049548947,622.0,0
1.3736777024978706,7.980312718123816,623.0,0
1.3739666734850802,7.979571591104683,624.0,0
1.3742548549278966,7.979490427124816,625.0,0
1.374542089304514,7.976795663459025,626.0,0
1.374828490871883,7.977221956953692,627.0,0
1.37511393547159,7.975716898682102,628.0,0
1.3753984893528892,7.97350173969174,629.0,0
1.3756821054422155,7.972554174635427,630.0,0
1.375965071171947,7.971281760647652,631.0,0
1.3762471173158037,7.970589104835029,632.0,0
1.3765283482372122,7.969473253222276,633.0,0
1.3768084590343241,7.967764255322386,634.0,0
1.377088000653551,7.963090126273392,635.0,0
1.377366606720196,7.966110391550664,636.0,0
1.3776442685978165,7.964826241257912,637.0,0
1.3779212148688664,7.963286449080363,638.0,0
1.3781971691162582,7.962430412010871,639.0,0
1.3784723646704338,7.961030530185886,640.0,0
1.3787467590442801,7.960299876564577,641.0,0
1.3790202998935994,7.959512398139185,642.0,0
1.3792930068465463,7.959091287760332,643.0,0
1.3795649207513052,7.956836513459072,644.0,0
1.379836007997825,7.955401651455268,645.0,0
1.3801063057038025,7.955030394192443,646.0,0
1.380375677051119,7.952843402534571,647.0,0
1.3806442984691385,7.952812825472573,648.0,0
1.3809119206952987,7.952499787688046,649.0,0
1.381178928407659,7.949988260740257,650.0,0
1.381445113587814,7.9497785699116035,651.0,0
1.3817104875571218,7.94825672976757,652.0,0
1.3819750844816885,7.947042935325869,653.0,0
1.3822388789937166,7.94605403096836,654.0,0
1.382501897309142,7.945030359508451,655.0,0
1.3827640310593243,7.944091342711862,656.0,0
1.383025457131843,7.942221490893794,657.0,0
1.3832860944802206,7.942521123406084,658.0,0
1.3835459903536893,7.940135360265766,659.0,0
1.3838050364642194,7.939634338130076,660.0,0
1.3840633599136825,7.937832855909255,661.0,0
1.3843208473785151,7.93679745882773,662.0,0
1.384577516935241,7.935802089188394,663.0,0
1.3848335518991501,7.934638056102765,664.0,0
1.3850886440569632,7.9335516061235225,665.0,0
1.3853431072978655,7.93277532728766,666.0,0
1.385596812229468,7.93189913130649,667.0,0
1.3858497506117369,7.927435575297979,668.0,0
1.3861017822143895,7.929228501033415,669.0,0
1.3863531453141966,7.928821815826316,670.0,0
1.3866038252528177,7.927016451072033,671.0,0
1.386853774841136,7.925947433585219,672.0,0
1.3871028960252514,7.924580872312411,673.0,0
1.387351385563045,7.92447223260967,674.0,0
1.3875990384347983,7.92268281658469,675.0,0
1.387845977891153,7.922026773820148,676.0,0
1.388092174185209,7.920875148444251,677.0,0
1.388337654596085,7.9209916510803815,678.0,0
1.3885824534912143,7.91886109236505,679.0,0
1.3888263935757474,7.918018123264347,680.0,0
1.3890696728672798,7.91703599932761,681.0,0
1.3893122908182625,7.91674368223557,682.0,0
1.389554149645616,7.914738984598548,683.0,0
1.3897953363648576,7.912783505733873,684.0,0
1.390035760675265,7.913529568930476,685.0,0
1.3902754131526276,7.912460008323491,686.0,0
1.3905144234642937,7.910171591779297,687.0,0
1.390752719977947,7.909221468757963,688.0,0
1.3909902767630653,7.907884436743497,689.0,0
1.3912271502490472,7.906819202542601,690.0,0
1.3914633330603636,7.906128904260175,691.0,0
1.3916988465078104,7.904762535512341,692.0,0
1.3919338074200196,7.9042540074609855,693.0,0
1.3921678693623196,7.902658784084618,694.0,0
1.392401261602829,7.9016027100529165,695.0,0
1.3926340549873355,7.9002369492880655,696.0,0
1.392866138105705,7.900959921204075,697.0,0
1.3930973661533634,7.898479499590134,698.0,0
1.393328024550634,7.897802558744705,699.0,0
1.393557895651044,7.896410117969764,700.0,0
1.3937873864406969,7.8953438029608485,701.0,0
1.3940160650432551,7.894578585001495,702.0,0
1.3942440871994162,7.890466416091958,703.0,0
1.394471401539463,7.892366313237723,704.0,0
1.3946980912514912,7.891254542453021,705.0,0
1.3949241199921576,7.890250246931747,706.0,0
1.3951494305501835,7.890266916966144,707.0,0
1.395374082251399,7.8881558248869075,708.0,0
1.3955980775735846,7.8871494602378895,709.0,0
1.395821485411404,7.886759170954448,710.0,0
1.3960441212106172,7.885079715836274,711.0,0
1.3962662267295416,7.885459623024853,712.0,0
1.3964876295884965,7.88303952852384,713.0,0
1.3967083781114202,7.883081215716099,714.0,0
1.3969284972859304,7.8810192466145965,715.0,0
1.3971479272212424,7.8814123423414895,716.0,0
1.3973668304893148,7.879214425854557,717.0,0
1.3975850846315474,7.878231975317516,718.0,0
1.3978024773247528,7.876945047595356,719.0,0
1.3980194639114776,7.876094639930577,720.0,0
1.3982357948879531,7.8750902890350725,721.0,0
1.398451506852704,7.873924745791325,722.0,0
1.3986665830926774,7.873193123677882,723.0,0
1.3988810334211386,7.873228311132677,724.0,0
1.3990948081555297,7.870828045552534,725.0,0
1.399307998546338,7.870309178628226,726.0,0
1.3995205750105395,7.8688174828175566,727.0,0
1.3997325271624905,7.868700810819883,728.0,0
1.3999438688933754,7.866849044771501,729.0,0
1.4001546314480324,7.867152232441149,730.0,0
1.4003647262915013,7.865196862601682,731.0,0
1.4005742262486292,7.863938650124359,732.0,0
1.4007831249740295,7.864251924201508,733.0,0
1.4009914069878866,7.86188338463279,734.0,0
1.4011990681144908,7.860828035546527,735.0,0
1.4014061477927462,7.860307902722634,736.0,0
1.4016126455760547,7.859126857090035,737.0,0
1.401818546525141,7.857907990058181,738.0,0
1.4020238720443416,7.856912237365908,739.0,0
1.4022285602521167,7.855992025477095,740.0,0
1.4024326576523372,7.854941894391892,741.0,0
1.4026362041107454,7.85531237545185,742.0,0
1.4028391371548683,7.852969284868202,743.0,0
1.4030414749904527,7.852487741481113,744.0,0
1.40324324129942,7.850974351046228,745.0,0
1.4034444336105691,7.8510427292007225,746.0,0
1.4036450491133878,7.849593223714999,747.0,0
1.4038450972409469,7.848337412522331,748.0,0
1.4040445607863268,7.848266055811095,749.0,0
1.4042434624508726,7.846097568243949,750.0,0
1.4044417771531088,7.846459168799213,751.0,0
1.4046395436353052,7.844431322178771,752.0,0
1.4048367429791642,7.843149595454254,753.0,0
1.4050334042729218,7.839493108715756,754.0,0
1.4052295056010993,7.841230019367517,755.0,0
1.4054250247051663,7.840297559058855,756.0,0
1.40561998980762,7.839870430142039,757.0,0
1.4058143778967729,7.838802416292254,758.0,0
1.4060082392474136,7.837320996846305,759.0,0
1.4062014495980741,7.836404092362518,760.0,0
1.4063942160496994,7.835931420071169,761.0,0
1.4065863217130359,7.834972301861966,762.0,0
1.406778023239696,7.833479488701099,763.0,0
1.40696922756274,7.833090398580477,764.0,0
1.4071596475331967,7.83275690469141,765.0,0
1.4073495894658528,7.831081206624385,766.0,0
1.407539038962923,7.82747360262875,767.0,0
1.40772797424325,7.828705214200184,768.0,0
1.407916387853671,7.828040612406545,769.0,0
1.4081042291936072,7.828152797436896,770.0,0
1.408291528747707,7.826077374393007,771.0,0
1.4084783297368928,7.825089938330652,772.0,0
1.4086645471771733,7.8241708615114645,773.0,0
1.4088502305626676,7.82293241163398,774.0,0
1.4090354021144162,7.822055011459537,775.0,0
1.409220041551912,7.82110796711998,776.0,0
1.409404151969409,7.820120663556113,777.0,0
1.4095877741606113,7.819440541215923,778.0,0
1.4097708640880375,7.81877449484035,779.0,0
1.409953420590414,7.818620997588628,780.0,0
1.4101354922291285,7.817421300545876,781.0,0
1.4103170000627583,7.812580734755583,782.0,0
1.410498053375026,7.814969980067123,783.0,0
1.4106786092113552,7.813480714985238,784.0,0
1.4108585699731462,7.813918278174948,785.0,0
1.411038029294828,7.811940765502444,786.0,0
1.4112169858623056,7.810733694105282,787.0,0
1.4113954613373259,7.80670028332653,788.0,0
1.4115734087700311,7.808793696117284,789.0,0
1.4117508929235525,7.808167154964067,790.0,0
1.411927836225787,7.808270022177193,791.0,0
1.4121041917629946,7.80731434564611,792.0,0
1.412280169001335,7.802785389228701,793.0,0
1.4124557773070143,7.804735934818602,794.0,0
1.4126307294122433,7.804424782847428,795.0,0
1.4128051897222764,7.8025793066733655,796.0,0
1.4129790792313213,7.801706858916855,797.0,0
1.4131526040413112,7.800455008688743,798.0,0
1.413325619439718,7.7995287410865,799.0,0
1.4134981589027922,7.798605888936257,800.0,0
1.413670130273985,7.795527525638285,801.0,0
1.413841741671683,7.794185577076022,802.0,0
1.4140127504903448,7.795850188753061,803.0,0
1.4141833529103838,7.794896206387907,804.0,0
1.414353490114125,7.794012810915747,805.0,0
1.414523172289891,7.794380848756183,806.0,0
1.4146923025960016,7.792502569546983,807.0,0
1.414861021789866,7.79122637992644,808.0,0
1.4150292442128722,7.791448508081476,809.0,0
1.4151969629526036,7.789399013792525,810.0,0
1.4153641707161038,7.789054132491327,811.0,0
1.4155309251920059,7.787698080278788,812.0,0
1.4156973040319925,7.786820727677058,813.0,0
1.4158631651634221,7.786054619619595,814.0,0
1.4160285570324154,7.785486875305945,815.0,0
1.41619345501945,7.784381234225145,816.0,0
1.416357956814572,7.783599457144753,817.0,0
1.4165220092127735,7.782823699414815,818.0,0
1.4166855313478472,7.782256684689949,819.0,0
1.4168486194290588,7.781386304412413,820.0,0
1.41701115529379,7.779858554549111,821.0,0
1.4171734076737132,7.7798432892119775,822.0,0
1.4173351533931673,7.777856562975099,823.0,0
1.4174963837450583,7.777020788889736,824.0,0
1.4176572390468956,7.7760888059034174,825.0,0
1.4178175724211757,7.775023309649696,826.0,0
1.4179775006746784,7.775034919020466,827.0,0
1.4181370130381121,7.77358810850007,828.0,0
1.4182959539193707,7.772942196211716,829.0,0
1.418454518485945,7.771427777013469,830.0,0
1.41861268613134,7.770781751361712,831.0,0
1.4187703876380289,7.7698887343977034,832.0,0
1.418927633617576,7.769311975057788,833.0,0
1.4190844709792807,7.768632726838464,834.0,0
1.4192408437842847,7.76787795953319,835.0,0
1.4193967471330944,7.767322736182434,836.0,0
1.4195522413602204,7.7651462827101,837.0,0
1.4197073937366809,7.764857814032021,838.0,0
1.4198619605215401,7.763568369544868,839.0,0
1.4200161578416124,7.763076111851786,840.0,0
1.4201699693255727,7.762250823730635,841.0,0
1.4203232946181394,7.7612909184080285,842.0,0
1.4204761949565536,7.757423919670236,843.0,0
1.4206287954683154,7.759611311172873,844.0,0
1.4207808428460147,7.758041057245292,845.0,0
1.4209325085690183,7.75720341741497,846.0,0
1.4210837675611683,7.75681697230723,847.0,0
1.4212345240580015,7.7554322456213045,848.0,0
1.4213849636695794,7.754647885091616,849.0,0
1.4215348702876205,7.754770054104732,850.0,0
1.4216845700493532,7.754837499217216,851.0,0
1.4218336853199778,7.75222119765674,852.0,0
1.4219823432392815,7.752313049926083,853.0,0
1.4221306838716485,7.750783499424196,854.0,0
1.4222785978874408,7.7493389213383415,855.0,0
1.422426038965134,7.748739531067503,856.0,0
1.4225732075263355,7.747596974789085,857.0,0
1.4227198933598422,7.746730892464791,858.0,0
1.422866206775613,7.745818345349292,859.0,0
1.423012020434778,7.745021492142393,860.0,0
1.4231575220338226,7.745429006098772,861.0,0
1.4233025390137695,7.744583831806056,862.0,0
1.423447141036699,7.742163857857915,863.0,0
1.4235914645121424,7.74156256938879,864.0,0
1.4237353912954258,7.741213123799199,865.0,0
1.4238787500983063,7.739898023254058,866.0,0
1.4240218755711016,7.739445704853484,867.0,0
1.4241645868997594,7.738908044451225,868.0,0
1.42430682394751,7.737261773857411,869.0,0
1.4244487083065003,7.736399986337935,870.0,0
1.4245902028905797,7.736066744203895,871.0,0
1.4247312248400144,7.734650198473335,872.0,0
1.4248719609741924,7.73388873607202,873.0,0
1.4250122676675696,7.732915061823709,874.0,0
1.4251521204736217,7.732095083530908,875.0,0
1.4252917348378886,7.728888255031209,876.0,0
1.4254308687412225,7.728036106201652,877.0,0
1.425569540734627,7.730150764861393,878.0,0
1.4257080246606906,7.728695205731934,879.0,0
1.4258459377529238,7.7284027072529335,880.0,0
1.4259836463983404,7.727034120625349,881.0,0
1.4261209859410844,7.726178720422658,882.0,0
1.4262578589173844,7.725305187111426,883.0,0
1.4263942946425099,7.725686115631149,884.0,0
1.4265304653111377,7.7235847144109355,885.0,0
1.4266661964816276,7.722790814444827,886.0,0
1.4268015770649947,7.722137379674659,887.0,0
1.4269365767413216,7.721557311849045,888.0,0
1.4270711497725614,7.720256220388376,889.0,0
1.4272053823952253,7.7194138382294675,890.0,0
1.4273392977675976,7.7186006415073685,891.0,0
1.427472832564988,7.717351880225211,892.0,0
1.4276060035601847,7.716976142240561,893.0,0
1.4277387184688464,7.716936054401568,894.0,0
1.4278710958312255,7.715227229001862,895.0,0
1.4280031508860305,7.714868513729995,896.0,0
1.428134777646461,7.714159665052351,897.0,0
1.428266168721546,7.712685189278048,898.0,0
1.428397167392794,7.7121266482800195,899.0,0
1.4285277255446893,7.712129431399784,900.0,0
1.428657960067901,7.710189376651525,901.0,0
1.4287877613432753,7.710445297801677,902.0,0
1.428917305178525,7.7085944602942815,903.0,0
1.4290465472191962,7.707744902994042,904.0,0
1.4291754053686285,7.708212354585689,905.0,0
1.4293038801643607,7.706428791131536,906.0,0
1.4294319713729209,7.705838793450176,907.0,0
1.4295597469241539,7.70184409328985,908.0,0
1.4296870836826825,7.703824863641545,909.0,0
1.4298140788024176,7.702792276811633,910.0,0
1.4299408075953923,7.701926351534436,911.0,0
1.4300672265653358,7.702064982659573,912.0,0
1.4301932262800734,7.700329115621282,913.0,0
1.430318849708598,7.700752815647502,914.0,0
1.4304442086992166,7.698756033869892,915.0,0
1.4305691763628532,7.6982455448863645,916.0,0
1.4306937934402906,7.694761352389872,917.0,0
1.4308181556985629,7.696191646005221,918.0,0
1.4309421094949466,7.692193145930576,919.0,0
1.4310657061153838,7.694594207763891,920.0,0
1.4311889431478086,7.694407519983855,921.0,0
1.431311801032536,7.693771612361367,922.0,0
1.4314343976749861,7.692188865026036,923.0,0
1.4315566638978539,7.692568314932905,924.0,0
1.4316786250103735,7.691055411787002,925.0,0
1.431800343516927,7.689749612464498,926.0,0
1.431921476765384,7.689320923023874,927.0,0
1.4320422963105157,7.687709289419804,928.0,0
1.4321629345338436,7.687300980370654,929.0,0
1.4322832211817427,7.686447329978042,930.0,0
1.4324031043556562,7.685709700171836,931.0,0
1.4325227063705068,7.684895245757614,932.0,0
1.4326419358257565,7.684638036813136,933.0,0
1.4327608724571816,7.68365415750571,934.0,0
1.432879528255232,7.682455470298943,935.0,0
1.4329978692696104,7.681657233659378,936.0,0
1.4331158662724206,7.681064099815283,937.0,0
1.4332335264296863,7.681202347593609,938.0,0
1.4333508573722,7.679257473874067,939.0,0
1.4334678719409204,7.679429774436266,940.0,0
1.4335845840414565,7.677684510608722,941.0,0
1.4337008841151286,7.676891430008993,942.0,0
1.4338169399173908,7.676539883670565,943.0,0
1.4339326212973997,7.675799785194813,944.0,0
1.4340481219727192,7.671977718514592,945.0,0
1.4341631345321733,7.673418615337444,946.0,0
1.4342778961173601,7.6728788235539875,947.0,0
1.4343923895845112,7.672118948146825,948.0,0
1.4345065068072522,7.672520184064831,949.0,0
1.4346203526535428,7.67083109051152,950.0,0
1.4347338848655158,7.669676005675159,951.0,0
1.4348471750409484,7.669316814208679,952.0,0
1.4349601662851261,7.6681574101487,953.0,0
1.435072638769627,7.668359566858651,954.0,0
1.4351849283812106,7.666323537836643,955.0,0
1.4352968864614508,7.666005995606266,956.0,0
1.4354086184021237,7.664957851873522,957.0,0
1.4355199124743359,7.664441183061128,958.0,0
1.4356310570136332,7.660675483282733,959.0,0
1.4357417467456104,7.662694595652102,960.0,0
1.4358522037671624,7.65939859022664,961.0,0
1.43596243349686,7.661887259031006,962.0,0
1.4360722089687947,7.660271596775121,963.0,0
1.4361818290689128,7.659775209652113,964.0,0
1.4362909954833063,7.6591565866293765,965.0,0
1.4364000155710561,7.658377675060968,966.0,0
1.4365086612095157,7.657119092881087,967.0,0
1.436616982101125,7.656352124558598,968.0,0
1.4367250447194908,7.656814496351114,969.0,0
1.4368328353066722,7.655387565394422,970.0,0
1.4369403577393685,7.654104009493628,971.0,0
1.437047582117592,7.6538694916965255,972.0,0
1.437154437735233,7.653351713090436,973.0,0
1.4372610229000373,7.651721442091018,974.0,0
1.437367325451368,7.650927876378015,975.0,0
1.4374733234657495,7.650729809494825,976.0,0
1.4375790854893362,7.650587483984414,977.0,0
1.4376845583259286,7.64863151801259,978.0,0
1.4377896435120507,7.648334147353505,979.0,0
1.4378944509448042,7.646873568693516,980.0,0
1.437999041688794,7.647559765648379,981.0,0
1.4381033546893822,7.646408833760765,982.0,0
1.4382073695863082,7.645017105169689,983.0,0
1.4383110682370246,7.644582616879814,984.0,0
1.438414590038469,7.643628426482042,985.0,0
1.4385176523850791,7.64223533227723,986.0,0
1.4386206644854715,7.639243350740183,987.0,0
1.438723196588922,7.640711117346813,988.0,0
1.4388255012977047,7.640455817030205,989.0,0
1.4389274421082505,7.63939501468083,990.0,0
1.439029218359443,7.639179411954345,991.0,0
1.4391306549725482,7.637691070228133,992.0,0
1.4392318088430154,7.637450848425571,993.0,0
1.4393327195215089,7.636170340953164,994.0,0
1.4394334318186552,7.6362190129749115,995.0,0
1.439533791903446,7.6316552472327555,996.0,0
1.4396339040691772,7.634662950248206,997.0,0
1.4397336978907074,7.633329872635417,998.0,0
1.439833252591742,7.633036693003215,999.0,0
1.4399324842101218,7.631803829813407,1000.0,0
1.4400314874925608,7.631639208313133,1001.0,0
1.4401302236595996,7.63011856551188,1002.0,0
1.4402287209288256,7.629327537076035,1003.0,0
1.4403268888924314,7.628617613674218,1004.0,0
1.4404247499483782,7.628228509607503,1005.0,0
1.4405224384119448,7.627338670411815,1006.0,0
1.440619810673286,7.6263572932099395,1007.0,0
1.4407169192153546,7.625616329872303,1008.0,0
1.4408137434116581,7.62506425670897,1009.0,0
1.4409103206996603,7.621975816903486,1010.0,0
1.441006649767921,7.623758640125425,1011.0,0
1.4411028090789197,7.6227866124138055,1012.0,0
1.4411986351564485,7.6220816533744,1013.0,0
1.4412941369538559,7.621592888585408,1014.0,0
1.4413894258267022,7.621729391367472,1015.0,0
1.4414844228165657,7.620433610069838,1016.0,0
1.4415792805203416,7.619060274380854,1017.0,0
1.4416735939570844,7.618826002125472,1018.0,0
1.4417678554627267,7.617780113569194,1019.0,0
1.4418617513118877,7.617388450689083,1020.0,0
1.4419555710021807,7.616093724949074,1021.0,0
1.4420490340204848,7.6159158486718885,1022.0,0
1.4421422342008094,7.61213768005949,1023.0,0
1.4422352071579327,7.615065729156629,1024.0,0
1.4423278597884754,7.613173933067129,1025.0,0
1.4424203002396003,7.61244080443526,1026.0,0
1.4425124778258458,7.611445019381692,1027.0,0
1.4426044380382539,7.608071099829196,1028.0,0
1.4426960728288263,7.610911232487243,1029.0,0
1.4427875145898108,7.609831390688076,1030.0,0
1.4428788115580886,7.608717967458634,1031.0,0
1.442969660464875,7.608945203705472,1032.0,0
1.4430602938320711,7.607247129731452,1033.0,0
1.4431508496159904,7.607062058985137,1034.0,0
1.4432409465662748,7.605812500944798,1035.0,0
1.443330939193985,7.605501234271932,1036.0,0
1.443420548744737,7.604318163274855,1037.0,0
1.4435100339389448,7.6037763506013665,1038.0,0
1.4435991904129652,7.604059477351691,1039.0,0
1.4436881614763675,7.601957310601762,1040.0,0
1.4437768793378285,7.601912032416793,1041.0,0
1.4438653688777219,7.60070773786549,1042.0,0
1.4439536574717386,7.599978598849979,1043.0,0
1.4440415405061773,7.599257070017798,1044.0,0
1.4441293284901524,7.598550103938326,1045.0,0
1.444216760432665,7.597598178304876,1046.0,0
1.4443040677201684,7.597075685648866,1047.0,0
1.4443911069755142,7.596324713255289,1048.0,0
1.4444778091717874,7.596167136681435,1049.0,0
1.4445643779437845,7.595172179094677,1050.0,0
1.4446506880011107,7.59398342473135,1051.0,0
1.4447368219583425,7.59348868086635,1052.0,0
1.4448226142923442,7.592996020552169,1053.0,0
1.4449081881430457,7.592866029533945,1054.0,0
1.4449936862448463,7.591338761277021,1055.0,0
1.4450788215227004,7.591057245011353,1056.0,0
1.4451636594368686,7.590725649718528,1057.0,0
1.4452482827539301,7.588949361431014,1058.0,0
1.445332689540861,7.5882324338325,1059.0,0
1.4454168908560197,7.588855807279769,1060.0,0
1.4455008645405365,7.5879472190519985,1061.0,0
1.4455845759091945,7.5862934860721625,1062.0,0
1.4456680709642717,7.585552415086622,1063.0,0
1.445751467786285,7.584884810575616,1064.0,0
1.4458343892568035,7.584501931222363,1065.0,0
1.4459172379350267,7.583404540790826,1066.0,0
1.4459997895380776,7.582747164748125,1067.0,0
1.4460822160105393,7.582264843999108,1068.0,0
1.4461642872784213,7.582148915846044,1069.0,0
1.4462461901808548,7.580599387225092,1070.0,0
1.4463278280833853,7.57990601954396,1071.0,0
1.4464092971973372,7.57896787699,1072.0,0
1.4464904993574925,7.578473828152768,1073.0,0
1.4465715452218189,7.578243383253002,1074.0,0
1.4466523131062905,7.577501161311121,1075.0,0
1.446732893001632,7.576142615850843,1076.0,0
1.4468132227970276,7.5754368616625225,1077.0,0
1.4468934208719528,7.5760629313940875,1078.0,0
1.4469733375611962,7.574428225071839,1079.0,0
1.4470529717396268,7.573492384547062,1080.0,0
1.447132415862105,7.5727929791567545,1081.0,0
1.447211580706861,7.572705513670524,1082.0,0
1.4472906215294146,7.571386169884574,1083.0,0
1.4473693628900162,7.571103023077047,1084.0,0
1.4474480004859644,7.57005147192441,1085.0,0
1.447526353596787,7.570440903040233,1086.0,0
1.4476045218122584,7.568639259476012,1087.0,0
1.4476824464958087,7.567882718285303,1088.0,0
1.4477601202138781,7.567202227181016,1089.0,0
1.4478376368676806,7.566208784463783,1090.0,0
1.447914925057012,7.565623678015173,1091.0,0
1.4479920034966112,7.565115943993348,1092.0,0
1.4480688334022676,7.564614355798342,1093.0,0
1.4481455481899688,7.563535720457063,1094.0,0
1.4482219458528791,7.563007454685915,1095.0,0
1.448298157160613,7.562405991079898,1096.0,0
1.4483742006144968,7.5620683588162505,1097.0,0
1.4484499872584544,7.560962582720068,1098.0,0
1.4485255500550016,7.5613738862034765,1099.0,0
1.4486008780011244,7.560153781689298,1100.0,0
1.448675987859729,7.559048542096601,1101.0,0
1.4487510205713716,7.557993059154987,1102.0,0
1.4488257901238977,7.557505969607885,1103.0,0
1.448900416815876,7.557971281778956,1104.0,0
1.448974715604396,7.555922523289083,1105.0,0
1.4490488663726022,7.555898486288994,1106.0,0
1.4491228099243403,7.554745594566243,1107.0,0
1.449196572502013,7.554047363971237,1108.0,0
1.4492700211703005,7.554219790328941,1109.0,0
1.4493432509033326,7.5537069612931464,1110.0,0
1.4494163052310247,7.552514021675134,1111.0,0
1.4494893225746637,7.55128705560509,1112.0,0
1.449562093622651,7.5487318747897065,1113.0,0
1.4496345430806967,7.5499456531089475,1114.0,0
1.449706833684957,7.549692798649971,1115.0,0
1.4497790418524783,7.548800943246703,1116.0,0
1.4498508205719427,7.5476289102316185,1117.0,0
1.4499224703477502,7.547390657684317,1118.0,0
1.4499940094089006,7.546998407598474,1119.0,0
1.4500653163961161,7.543782375472853,1120.0,0
1.4501364384453006,7.545051283829585,1121.0,0
1.4502073132279938,7.544930552551532,1122.0,0
1.4502780622808882,7.543626880786248,1123.0,0
1.4503485602066215,7.541159851990826,1124.0,0
1.4504188740059154,7.542741547254173,1125.0,0
1.4504889622845787,7.54293497178853,1126.0,0
1.450558879332365,7.538990761404162,1127.0,0
1.4506286436971756,7.540405357412869,1128.0,0
1.4506981433329003,7.53977740737474,1129.0,0
1.4507674575133953,7.539054232025635,1130.0,0
1.4508365777462155,7.5389504233724,1131.0,0
1.450905489803872,7.538325707793664,1132.0,0
1.4509742759826767,7.537543664654378,1133.0,0
1.4510427991935064,7.536969920039492,1134.0,0
1.4511111656921944,7.53586304975285,1135.0,0
1.4511794172114305,7.535047802576276,1136.0,0
1.4512474159379638,7.53434629601184,1137.0,0
1.4513152411924712,7.534009627075081,1138.0,0
1.4513828136317453,7.53396198267853,1139.0,0
1.451450202697634,7.532828420809525,1140.0,0
1.4515174502726638,7.531508476770254,1141.0,0
1.4515844498244364,7.532111792361892,1142.0,0
1.4516512822499381,7.530654808112204,1143.0,0
1.4517180162216898,7.52967093779178,1144.0,0
1.4517844448598518,7.529061525777929,1145.0,0
1.4518507547160548,7.5283341771692305,1146.0,0
1.4519168611907511,7.527668178681279,1147.0,0
1.451982670587974,7.52684210154931,1148.0,0
1.4520485054660635,7.526566991539,1149.0,0
1.4521140429650747,7.5265467613767925,1150.0,0
1.4521794128194256,7.525017378440031,1151.0,0
1.4522445620591204,7.525455227012409,1152.0,0
1.4523095550465548,7.524088327161545,1153.0,0
1.4523744121982742,7.523031089827708,1154.0,0
1.4524390107896967,7.5227703423886165,1155.0,0
1.452503444155175,7.5218948333714435,1156.0,0
1.4525676985553186,7.522245423642727,1157.0,0
1.4526317328099057,7.517671865921894,1158.0,0
1.4526956593838654,7.519770530237097,1159.0,0
1.4527594477311327,7.519111355554299,1160.0,0
1.4528230178672827,7.51841160914513,1161.0,0
1.4528863461215427,7.517758825495973,1162.0,0
1.4529494739365656,7.5171442684870655,1163.0,0
1.4530125385594042,7.516480532611855,1164.0,0
1.453075347332173,7.515790898879965,1165.0,0
1.4531379551630363,7.515134759344773,1166.0,0
1.453200418987016,7.5145030056676765,1167.0,0
1.4532627401717761,7.514112906395479,1168.0,0
1.4533248492977706,7.5143630566139015,1169.0,0
1.4533868185135377,7.513233973545478,1170.0,0
1.45344859272297,7.512305579105322,1171.0,0
1.453510223341422,7.512372612659636,1172.0,0
1.453571644139099,7.511693153255022,1173.0,0
1.4536328513263987,7.510404489476358,1174.0,0
1.4536939152528296,7.509262111122108,1175.0,0
1.4537547610169312,7.508451942903795,1176.0,0
1.4538155250600495,7.508903763582649,1177.0,0
1.4538760770627723,7.507369155128252,1178.0,0
1.4539364772678671,7.506976799846389,1179.0,0
1.4539966882513178,7.505859620017415,1180.0,0
1.4540566780048385,7.50604826074697,1181.0,0
1.4541166123103486,7.504724257190652,1182.0,0
1.45417623670078,7.504080587614896,1183.0,0
1.4542357423471486,7.504508252907375,1184.0,0
1.4542950627934774,7.502787440442776,1185.0,0
1.4543542799366627,7.502206488737771,1186.0,0
1.4544132707196422,7.501502697309642,1187.0,0
1.4544721127454037,7.501287322557337,1188.0,0
1.4545307846351483,7.500689099784877,1189.0,0
1.4545893644893737,7.499608555474138,1190.0,0
1.4546477397096993,7.500065392624338,1191.0,0
1.4547059176276946,7.49845032529739,1192.0,0
1.4547639071420442,7.4976868290422,1193.0,0
1.4548217315580392,7.497052280558108,1194.0,0
1.45487935669696,7.496965113373515,1195.0,0
1.4549369020431715,7.496323931007932,1196.0,0
1.4549942254038009,7.4956274611694305,1197.0,0
1.4550514766738618,7.494886062819334,1198.0,0
1.4551084341412726,7.493811382964579,1199.0,0
1.4551652735484164,7.493370123722939,1200.0,0
1.455221960558026,7.4925641197284865,1201.0,0
1.4552785102804244,7.491710225571816,1202.0,0
1.4553348825262868,7.491304779315084,1203.0,0
1.4553910962430097,7.4911124019816,1204.0,0
1.4554471313884887,7.490032462024937,1205.0,0
1.4555030113076362,7.489202142628803,1206.0,0
1.455558680104349,7.4887253537487295,1207.0,0
1.455614345376875,7.488548639468665,1208.0,0
1.4556696914998684,7.487860366083515,1209.0,0
1.455724882198178,7.487110018907307,1210.0,0
1.4557800239158583,7.486578627949012,1211.0,0
1.4558348887140327,7.4859961128880865,1212.0,0
1.455889632659822,7.48492611303165,1213.0,0
1.4559442881897018,7.48234669768514,1214.0,0
1.4559986950191657,7.483516067299481,1215.0,0
1.4560530514823093,7.483103149014537,1216.0,0
1.4561070748142835,7.482945604904606,1217.0,0
1.4561611300548636,7.4817896788662335,1218.0,0
1.456214956003722,7.481186249643836,1219.0,0
1.456268580156054,7.480838398921572,1220.0,0
1.4563220702388375,7.479747354697506,1221.0,0
1.4563754625942613,7.479690400919748,1222.0,0
1.456428637682414,7.47885213566615,1223.0,0
1.4564817204541325,7.47909099489238,1224.0,0
1.456534646301617,7.477920231074206,1225.0,0
1.4565873334479311,7.476808851950642,1226.0,0
1.456639894661967,7.476211941144291,1227.0,0
1.4566923315327935,7.475529971566701,1228.0,0
1.4567445839873587,7.4751218016582435,1229.0,0
1.4567966423985992,7.47459042789483,1230.0,0
1.4568486493734574,7.473676176888729,1231.0,0
1.4569005641148403,7.473349345674327,1232.0,0
1.456952192897312,7.472889081247032,1233.0,0
1.4570036397799548,7.471796446661869,1234.0,0
1.4570550423395676,7.471177363723558,1235.0,0
1.4571062441164673,7.470582499897573,1236.0,0
1.4571572234807515,7.4696975067727704,1237.0,0
1.457208214503889,7.469778020501448,1238.0,0
1.4572589864173198,7.469549274527574,1239.0,0
1.4573095368197653,7.468374021878634,1240.0,0
1.4573600019707331,7.468006510830558,1241.0,0
1.4574103471221684,7.46750228461566,1242.0,0
1.4574605517152632,7.466517922887982,1243.0,0
1.457510585556346,7.465636887823177,1244.0,0
1.4575604964111524,7.465214980791434,1245.0,0
1.4576102001441844,7.4644464877788,1246.0,0
1.4576596788445881,7.46449219556357,1247.0,0
1.457709154312624,7.463161149679023,1248.0,0
1.457758459461254,7.46302225929474,1249.0,0
1.4578076806822822,7.4621188094900415,1250.0,0
1.4578566107121866,7.461069197912999,1251.0,0
1.45790550798212,7.4609560373395185,1252.0,0
1.4579541802152023,7.460127776720234,1253.0,0
1.458002738978748,7.459522473398436,1254.0,0
1.45805117908699,7.459989200961595,1255.0,0
1.4580994885279484,7.458110390830845,1256.0,0
1.4581475646398803,7.458027823952472,1257.0,0
1.4581956089114656,7.457231435214588,1258.0,0
1.4582434407433187,7.456946198706702,1259.0,0
1.4582911939925154,7.456777862269563,1260.0,0
1.4583387563159722,7.4558105549351374,1261.0,0
1.458386144529576,7.454671708078189,1262.0,0
1.45843344047217,7.45235464617071,1263.0,0
1.4584804738751938,7.453589678864256,1264.0,0
1.4585275775514441,7.452812272316508,1265.0,0
1.4585744177239648,7.4525878155771235,1266.0,0
1.4586211985731496,7.451790539575218,1267.0,0
1.4586677370200496,7.4509732773628965,1268.0,0
1.458714211320648,7.450657350201802,1269.0,0
1.4587604886403198,7.450173774080333,1270.0,0
1.4588067180090196,7.449483579640533,1271.0,0
1.4588526009521843,7.4496087478992346,1272.0,0
1.4588985781219281,7.447986829299747,1273.0,0
1.4589443242248168,7.447417531982985,1274.0,0
1.4589899710617642,7.446784887604637,1275.0,0
1.4590355214721773,7.446216316771715,1276.0,0
1.4590807918115263,7.445554561519154,1277.0,0
1.459125993432821,7.444989485805607,1278.0,0
1.4591711003409689,7.444357383182126,1279.0,0
1.4592159927535269,7.444633920134586,1280.0,0
1.4592608155003322,7.443196379404958,1281.0,0
1.459305498753122,7.442560987126576,1282.0,0
1.4593500294967816,7.442442992920076,1283.0,0
1.4593944452881333,7.441756303685109,1284.0,0
1.4594386659174867,7.44103245287497,1285.0,0
1.4594828433602318,7.438198037362421,1286.0,0
1.4595268198641842,7.4394208183894746,1287.0,0
1.4595706697161985,7.439862526793631,1288.0,0
1.4596143515621496,7.439424372190745,1289.0,0
1.4596579116813817,7.43780898891307,1290.0,0
1.4597013658798763,7.437195851106973,1291.0,0
1.4597447268655377,7.437304557462676,1292.0,0
1.4597879439415762,7.436292222195684,1293.0,0
1.4598310710934275,7.4357663606177775,1294.0,0
1.4598740314898342,7.435385519303556,1295.0,0
1.4599168372717979,7.434648350464991,1296.0,0
1.4599594704513497,7.433836840653752,1297.0,0
1.460001997064495,7.4336344163989185,1298.0,0
1.4600444277203717,7.4328141159487995,1299.0,0
1.4600866959931742,7.432829166311195,1300.0,0
1.460128808367131,7.431554767734701,1301.0,0
1.4601710503447936,7.430710341993735,1302.0,0
1.4602127567536813,7.430978117154126,1303.0,0
1.4602546178774871,7.430637601640306,1304.0,0
1.4602961981746005,7.429762611823093,1305.0,0
1.4603377109999527,7.426027027549624,1306.0,0
1.4603790983124822,7.427593117633328,1307.0,0
1.460420375710427,7.42739690484129,1308.0,0
1.4604615229934435,7.426571160061757,1309.0,0
1.4605025416873645,7.42702133561524,1310.0,0
1.4605434139049855,7.425917387531748,1311.0,0
1.4605841336048855,7.425285162391495,1312.0,0
1.4606248133681508,7.42425112907196,1313.0,0
1.4606652825977662,7.42467919890768,1314.0,0
1.4607056432290968,7.423573720053987,1315.0,0
1.460745948558066,7.422481086514645,1316.0,0
1.4607860827734618,7.422154092653426,1317.0,0
1.460826068770851,7.421313021854406,1318.0,0
1.4608659503412984,7.420773431755508,1319.0,0
1.4609057105917056,7.420435167783374,1320.0,0
1.4609453253188645,7.419581423704264,1321.0,0
1.4609848190337669,7.4190136240705264,1322.0,0
1.4610242627354604,7.418739452248126,1323.0,0
1.4610634848021002,7.417829344821617,1324.0,0
1.461102733122909,7.4181882943825705,1325.0,0
1.4611417806789877,7.41672787784729,1326.0,0
1.4611805479848419,7.417125282740879,1327.0,0
1.4612193524797434,7.415538258591856,1328.0,0
1.4612580047962074,7.415279293507694,1329.0,0
1.461296538191215,7.414356860274631,1330.0,0
1.46133493202817,7.4138363244326815,1331.0,0
1.461373221444378,7.414302031077505,1332.0,0
1.4614114483690306,7.413020277998109,1333.0,0
1.461449495821863,7.412051623096727,1334.0,0
1.4614874183084927,7.411777453025765,1335.0,0
1.4615252184809915,7.411294303884919,1336.0,0
1.4615628991898586,7.410355934014766,1337.0,0
1.461600461182234,7.410145325273548,1338.0,0
1.4616379154620336,7.408997482980638,1339.0,0
1.46167522865647,7.40860410865925,1340.0,0
1.4617123927555415,7.407881272418151,1341.0,0
1.4617495966123364,7.40545642926313,1342.0,0
1.4617866139431264,7.407087531615163,1343.0,0
1.461823487951611,7.40733215506122,1344.0,0
1.4618602647177374,7.406587957159129,1345.0,0
1.4618968247787545,7.405430180694544,1346.0,0
1.4619333697063075,7.404526940765182,1347.0,0
1.461969766977474,7.404550828762443,1348.0,0
1.4620060403452293,7.403694652483631,1349.0,0
1.4620421666150758,7.40331536641424,1350.0,0
1.4620782622778044,7.402485692335962,1351.0,0
1.462114174302939,7.402694887992116,1352.0,0
1.462150002717391,7.401656402879518,1353.0,0
1.4621857293553413,7.400788050400863,1354.0,0
1.4622213408246183,7.400083150701335,1355.0,0
1.4622568250689283,7.400359390132954,1356.0,0
1.4622921518129604,7.398943620594328,1357.0,0
1.4623274179887293,7.3991614729077835,1358.0,0
1.4623625520936558,7.397788831951708,1359.0,0
1.4623976348465713,7.398219425270636,1360.0,0
1.4624324861568092,7.396660003672594,1361.0,0
1.462467283900405,7.39656582964691,1362.0,0
1.4625019647302009,7.395761518103041,1363.0,0
1.4625365344740886,7.395984612774317,1364.0,0
1.4625710536954797,7.3944359889367215,1365.0,0
1.4626053955524854,7.394126681869675,1366.0,0
1.4626396265933348,7.393312066057075,1367.0,0
1.4626737328137775,7.393072652641812,1368.0,0
1.4627077291630513,7.393245330907365,1369.0,0
1.4627416554802581,7.391898535931244,1370.0,0
1.4627754156068846,7.391380203753194,1371.0,0
1.4628091576719868,7.3904777779190125,1372.0,0
1.4628427388961593,7.390512516642558,1373.0,0
1.4628763039463202,7.389356607002814,1374.0,0
1.462909623397726,7.3893862882978745,1375.0,0
1.462942807203938,7.388237474103381,1376.0,0
1.4629759537957174,7.3875002313405425,1377.0,0
1.4630089912344237,7.3877437448454835,1378.0,0
1.4630418986979854,7.386417760354972,1379.0,0
1.4630746974841573,7.386512654918094,1380.0,0
1.4631074159109638,7.385958520859448,1381.0,0
1.4631399766458013,7.385185645362769,1382.0,0
1.4631724688474783,7.384337946982618,1383.0,0
1.4632049230632882,7.383632431659018,1384.0,0
1.4632372061304482,7.383261594229194,1385.0,0
1.463269314789108,7.382938153224531,1386.0,0
1.4633014031173217,7.379924630586352,1387.0,0
1.4633333285500831,7.379285364240217,1388.0,0
1.4633651683954827,7.381169430661458,1389.0,0
1.463396884927763,7.3807135371877495,1390.0,0
1.4634286055596046,7.380980171232467,1391.0,0
1.4634601514063756,7.380233313612067,1392.0,0
1.4634915993078879,7.378803293604074,1393.0,0
1.4635228995183498,7.378273162775888,1394.0,0
1.4635540640119415,7.377892064410116,1395.0,0
